"V1" "V2" "V3" "V4" "V5" "V6" "V7" "V8" "V9" "V10" "V11" "V12" "V13" "V14" "V15" "V16" "V17" "V18" "V19" "V20" "V21" "V22" "V23" "V24" "V25" "V26" "V27" "V28" "V29" "V30" "V31" "V32" "V33" "V34" "V35" "V36" "V37" "V38" "V39" "V40" "V41" "V42" "V43" "V44" "V45" "V46" "V47" "V48" "V49" "V50" "V51" "V52" "V53" "V54" "V55" "V56" "V57" "V58" "V59" "V60" "V61" "V62" "V63" "V64" "V65" "V66" "V67" "V68" "V69" "V70" "V71" "V72" "V73" "V74" "V75" "V76" "V77" "V78" "V79" "V80" "V81"
"1" 4.73037513434338 5.35023711084942 6.0112199771786 6.58312083794999 6.89076780114872 6.76041517129113 6.23761831988643 5.56554357357563 4.91243859800961 5.32404828140834 6.24905373166887 7.41615061062481 8.65454414765931 9.36069126781993 9.17577928100374 7.87111207354504 6.59610119215164 5.5885343548627 5.92718398114991 7.28504181611881 9.30116155981557 12.9913508683924 14.218884294623 14.6406750889496 10.0893790142973 7.77645264709955 6.28387992030411 6.43692086082235 8.25975134192308 11.3817281246517 16.3040465034902 22.4186427119514 18.1776860619155 12.2309440309554 8.91445769143902 6.90212359885033 6.71955428888824 8.83744263996619 12.886090166662 21.492954323675 39.6542834633768 22.2565481003563 15.1522301057124 9.90842937663536 7.29731150027341 6.68771322829195 8.82002969346581 12.6312601887623 18.4235142236101 22.5719034968993 21.298283341814 16.8994591160738 10.0166689836562 7.27771900471734 6.33358005855544 8.20793512058571 12.3993077225455 14.1589946288353 16.6253500482655 16.4701630711057 12.2918935100159 8.85178775126849 6.77800397503591 5.69908485475929 6.98769700084157 8.5817142265674 10.0786762421634 12.1566251490813 11.326294339672 9.33614463442668 7.43277069579551 6.05876613592116 5.04528343710063 5.84228010704564 6.70765347582543 7.52381021491319 8.05488647271368 7.8583604482254 7.10926530548888 6.16689382184362 5.30139789585565
"2" 5.35023711084942 6.06156967279301 6.82440737750904 7.48822141188438 7.84531315081136 7.69420427136999 7.08762770245723 6.31128214055879 5.56173237092928 6.0191691750605 7.08069193527196 8.43111070987571 9.87754599274093 10.7001632632582 10.4873422222969 8.96075389447289 7.48266968393532 6.32515751473333 6.69327077656465 8.24533458040872 10.5767899891661 14.9605572342071 16.3367986692008 16.8614523068844 11.4931402355784 8.81450104681036 7.10527884281272 7.25392184656795 9.3211088743096 12.8814088398417 18.5723185486582 25.6851038984947 20.7607974695858 13.8720715812342 10.0767499988617 7.78972035842488 7.55176087417924 9.93028632093834 14.483568689055 24.1920290323341 44.7861694804326 25.0996998267045 17.0558355109619 11.1540277339007 8.21557806030374 7.49466995404121 9.86071176400117 14.0705506244598 20.5127019109602 25.2009369348555 23.7934956803784 18.8954048151666 11.2341490959032 8.17438946381581 7.08363019070516 9.14384210358807 13.6708892696403 15.6872667235641 18.4299527413632 18.2832708935841 13.704762416944 9.9051914172449 7.59788409433433 6.36697145133079 7.7896345907125 9.53862709363764 11.1905438726551 13.4423247997571 12.5679160353384 10.4012263331487 8.30844406781454 6.78431146028035 5.63627096324753 6.51791353206379 7.47266839375043 8.37473841875427 8.95861943954236 8.74731516377478 7.92917125600355 6.89174064517327 5.93218017740027
"3" 6.0112199771786 6.82440737750904 7.70359714143084 8.47642421467535 8.89707356107973 8.728099481684 8.02605942673972 7.1292676185958 6.2697741321862 6.75710177099101 7.96906988169902 9.52732478152695 11.2195762147252 12.1949872934458 11.9714241014449 10.1777315826387 8.4590737188584 7.12906314326274 7.50058706448037 9.26156288426431 11.9435566989354 17.141242868906 18.7243564571335 19.480350528174 13.0707801215723 9.95709426718648 8.0001804193099 8.10636815236004 10.4258592480444 14.4406455629403 20.9888022764432 29.2957861382357 23.6706645368375 15.6862352779928 11.3458514140058 8.75183843018858 8.41133167068496 11.0485391012911 16.0872293424571 26.8750066316664 50.0955515453065 28.1518529650666 19.1181018619823 12.4985851738851 9.20383308203348 8.32175522435438 10.9125383044323 15.495816654435 22.5733027809895 27.8685021359873 26.4040714744558 21.028928271009 12.5341990914547 9.13214656849159 7.84970647929028 10.0837672154962 14.8905537950255 17.192613807071 20.2414667162433 20.1481489380072 15.184905868034 11.0184584561054 8.46708909540956 7.04872730586585 8.60168229808446 10.4982173234594 12.3079537011866 14.7350166838641 13.8410346426862 11.5089991640494 9.22769031603206 7.54919543310293 6.24139720172345 7.2067250888604 8.25036675967504 9.24119829652529 9.88225442241414 9.66280521516986 8.78093747036974 7.64971122969435 6.59431677911171
"4" 6.58312083794999 7.48822141188438 8.47642421467535 9.39848581084464 9.8887122864546 9.71915408450239 8.9009586733767 7.88530841769923 6.91837412186101 7.38976581152047 8.74392063312948 10.509992240652 12.4463356619797 13.6243883717262 13.4531006634848 11.371630503877 9.37049785505434 7.86822035440665 8.18449706547612 10.1211356825979 13.1415450826796 19.0399099524138 21.0125838592555 22.3041259958966 14.6407229954537 11.0548481972092 8.82264228613341 8.81888467142797 11.3395545390413 15.7587493330893 23.0930073788757 32.7596830952047 26.5701531872097 17.4461104339758 12.5518789951177 9.63081386605599 9.12157110480678 11.955620600045 17.3838657248147 28.9974982006663 54.6146626150758 30.9710205066386 21.0659382976038 13.7563189072964 10.0982828332934 9.00047986428644 11.7572456209833 16.6055554605345 24.2149051843624 30.0693001627893 28.6758288776828 23.0135462734019 13.7039081376045 9.98955437140028 8.4777271755487 10.8367382044925 15.8076929581989 18.3688380751399 21.6966311231138 21.7121151958912 16.4766319958231 12.0009476730466 9.23697077322888 7.60962766374598 9.26204974001558 11.2694448781064 13.2111889710492 15.7897573137517 14.9129971460489 12.4618165294021 10.0283296680436 8.21971847925898 6.74351745063133 7.7741700243357 8.88966382555145 9.95598418884935 10.6510129332398 10.4363714885322 9.51073731307778 8.30537322521037 7.17105868633479
"5" 6.89076780114872 7.84531315081136 8.89707356107973 9.8887122864546 10.4729171749166 10.3393038796721 9.47223255362495 8.37539341004983 7.33440000633294 7.72097853310959 9.12786619885432 10.9968262002095 13.0724932163194 14.4729581557307 14.4694965027683 12.1737883589764 9.97629800792317 8.34873252771898 8.53260739077282 10.5439314819415 13.6796005064068 19.7290591258019 22.2937990192872 24.575483485771 15.733236803031 11.7759074264988 9.36164211475218 9.17359439432125 11.770973398404 16.3101535402871 23.9527652214473 34.4997896251555 28.5063323145874 18.6256967515049 13.3415760119596 10.2077558386366 9.47181165581351 12.3766663599949 17.8981031388626 29.7577232589277 56.732207019573 32.7360947383604 22.3876655193275 14.582778985027 10.6846856598282 9.33685520937575 12.1534240535534 17.0866703124835 24.920602697308 31.2650723936821 30.2023241084916 24.4181456603951 14.4898691524262 10.5484716502971 8.79440662528235 11.1982797362109 16.1823838752677 18.9360503105283 22.5252641861939 22.7444082790457 17.3355556660514 12.643246282747 9.73496947830843 7.90153261875421 9.59759181267302 11.6585090203241 13.6897554896871 16.3872726732411 15.5747332282642 13.0652220989407 10.5367209001613 8.64543431914466 7.0142351391037 8.07661758289454 9.2342497671735 10.3506121744705 11.093140885527 10.9023284441991 9.9612212244976 8.71374134714536 7.53295453758049
"6" 6.76041517129113 7.69420427136999 8.728099481684 9.71915408450239 10.3393038796721 10.2536510274085 9.41063557281329 8.32040932209637 7.28347594921243 7.5636674009604 8.93031518113273 10.743823885145 12.7816483054315 14.2850461438773 14.4490035747293 12.1442245887803 9.9316129350019 8.30109799029259 8.34781979399537 10.2919074779094 13.2969181851409 18.9263425703104 21.8892539194852 24.9427563516429 15.7476914474273 11.7405248275532 9.3186018568366 8.968403153375 11.4743645985651 15.8239116695018 23.1680999015397 33.6872490637856 28.4358479591568 18.6135888724782 13.3140356557895 10.1701089273769 9.2607802433107 12.0675742273208 17.3655664917215 28.7756498345161 55.437018893804 32.6166623582086 22.4876358051586 14.582843526082 10.6538050392209 9.13606058412043 11.8669860977775 16.645419478603 24.3080278609432 30.7770403108846 30.1611272223474 24.666820515473 14.5040636698836 10.5186889695197 8.61592318612003 10.9526034390855 15.7638256933951 18.5499518026645 22.2386907909475 22.676998416764 17.332732360037 12.6191730091207 9.70112859768079 7.75562679525565 9.41224221471692 11.4358389177352 13.4673844850123 16.1989600532084 15.4790493603253 13.0064817773978 10.4876222352467 8.60158869916269 6.89782825255189 7.9402478450002 9.08658053209146 10.2023746368152 10.9647218686172 10.8089202454495 9.89207682608307 8.65741805970166 7.48623919841674
"7" 6.23761831988643 7.08762770245723 8.02605942673972 8.9009586733767 9.47223255362495 9.41063557281329 8.68510992164044 7.70141544998242 6.7568135069245 6.97598523923824 8.21646030855264 9.82423942593509 11.6493048306862 13.0267193971932 13.2082574935656 11.1673125161948 9.1993090191401 7.71039280966873 7.70082618731923 9.46711852413094 12.1309880086665 17.025807450675 19.8383561925472 22.6788416437507 14.5021004924813 10.8771415572188 8.67652072762547 8.28221204884469 10.5689606269505 14.4679989114907 21.0471457045 30.5287921030955 26.1536716642998 17.2869371910565 12.4081408224018 9.50528385738208 8.56834892677151 11.1476876547041 15.9555037612681 26.3846019437772 51.2158296081908 30.596226398747 21.2748568985683 13.7112890576028 10.0008661245855 8.47227360898214 11.0030730937543 15.4408646771297 22.5689885895739 28.8037568982399 28.618176837883 23.6709505257919 13.7411751281241 9.90401872944274 8.00693969644933 10.1861427592484 14.6823735099769 17.3513036752201 20.9746875021669 21.59295054667 16.4930987592788 11.9427749879855 9.14418441855698 7.22314751281349 8.77213915507277 10.6806332505374 12.6287586578136 15.3046853779103 14.6806707228424 12.3197479746828 9.90312735629973 8.10253824153124 6.4339981185039 7.41328428053605 8.49973635667812 9.56796109349583 10.3180941398586 10.1960776721144 9.33278045926086 8.15819928363141 7.04577928568348
"8" 5.56554357357563 6.31128214055879 7.1292676185958 7.88530841769923 8.37539341004983 8.32040932209637 7.70141544998242 6.85595503228003 6.03433605641025 6.22581685081903 7.31393045766321 8.71328579917804 10.2833950020263 11.4499231680561 11.5749302392912 9.86673616289731 8.18787426558645 6.89266822932739 6.87925867342365 8.43470124212628 10.7559945179606 14.9224393726129 17.3459206529153 19.5512954239349 12.8112898979152 9.70669854891712 7.77665656790412 7.41203671040924 9.4394076999358 12.8753701960624 18.6208501323038 26.8595852183942 23.0906047761593 15.4509932231141 11.152271960728 8.55831092115403 7.68727471301805 9.99393966721554 14.2827550140547 23.5872826226592 45.9234648231282 27.723741583275 19.4191952446201 12.4516554181411 9.05344417040101 7.62162698709639 9.9070505269403 13.9280200914596 20.4163670805115 26.194810704406 26.3007395843049 21.9492725180804 12.5673896304892 9.00259872111735 7.21936886478803 9.20202865910994 13.3207387299668 15.7847727129791 19.2191614972489 19.9405476185979 15.1896953406832 10.9269214304415 8.32786296900146 6.52570748145857 7.93642464781877 9.69019885024039 11.5040083190841 14.0553253290013 13.5127384830663 11.3058624957931 9.04829821019193 7.37992160459337 5.81890578992449 6.71442052049062 7.71497235074632 8.70782591786362 9.42147340847342 9.3254101034398 8.52933221963285 7.44098557028469 6.41419051320057
"9" 4.91243859800961 5.56173237092928 6.2697741321862 6.91837412186101 7.33440000633294 7.28347594921243 6.7568135069245 6.03433605641025 5.33005431795537 5.49679243510026 6.44458606073722 7.655767842172 8.99981126685171 9.97760245680925 10.0546371707813 8.62776418277748 7.20392340984986 6.08690730606335 6.07880836684435 7.43878527965274 9.45235304259469 13.0061285121665 15.0504363291156 16.727706801042 11.1948032363881 8.55648922832344 6.88137588472068 6.55907257484293 8.34178733101536 11.3509165126038 16.3400399952576 23.4194062442988 20.1433690430197 13.6275759878848 9.88646343636525 7.60058949552026 6.81518390541548 8.85653105700944 12.6508127266747 20.8835785346754 40.6752792353949 24.7149901590354 17.4094083459776 11.1300810294198 8.07597842800299 6.76957260377606 8.80246406772446 12.3915018644884 18.2417223810539 23.4922107845649 23.7520835874546 19.9355594227704 11.3013614370053 8.05899279362152 6.42277188567094 8.19229822961056 11.8730107859501 14.1597900093546 17.3604416513511 18.1169613778969 13.7543428243884 9.83724861502363 7.46890080287777 5.81570386878559 7.07935929381293 8.66480196898799 10.3317886324322 12.7275435792553 12.2513919722058 10.2158956283071 8.14121031813715 6.6214651874045 5.19100867359747 5.99741051066563 6.90457963759165 7.81404987001116 8.4810816102043 8.40500348235958 7.67986074841557 6.68658954745275 5.75360352274486
"10" 5.32404828140834 6.0191691750605 6.75710177099101 7.38976581152047 7.72097853310959 7.5636674009604 6.97598523923824 6.22581685081903 5.49679243510026 5.99768355457177 7.03820030698418 8.34565995410138 9.72104343859411 10.4779494135857 10.2354529691344 8.78656150397278 7.37147870756826 6.25001740073384 6.68493108970767 8.21892108322362 10.4899233608869 14.6282106841592 15.9106604421016 16.2180722331845 11.2445287592854 8.68405658520204 7.02420619966335 7.26895150130027 9.33980096749091 12.8927965553675 18.4218536248536 25.1436853625047 20.2534722081929 13.6377934290732 9.95084769535323 7.71254929901671 7.59520218676909 10.0093628106913 14.6517810474124 24.4772160485645 44.7319753127881 24.8602684224083 16.8628196217885 11.0518074030047 8.1521885679334 7.56195840594156 9.9947837585475 14.3512787458618 20.9081075005434 25.4320993346386 23.7865542546299 18.760729332213 11.1705092746945 8.13146373138989 7.15958391640341 9.29942316001996 14.1262328679495 16.0384298837194 18.7078948430134 18.4073040881342 13.7162250995533 9.8871077877213 7.57814776932459 6.4371599811729 7.90001788607754 9.70654542371742 11.3725881651703 13.6600667723915 12.6800556113931 10.4423444978525 8.31519243328508 6.78053571063776 5.69234659467443 6.59320157317678 7.5664614651938 8.47454156381436 9.05328134214329 8.81492226387667 7.96580048373068 6.90771499989097 5.93818065711382
"11" 6.24905373166887 7.08069193527196 7.96906988169902 8.74392063312948 9.12786619885432 8.93031518113273 8.21646030855264 7.31393045766321 6.44458606073722 7.03820030698418 8.29521672270984 9.86781447797434 11.5488752977075 12.4511614040491 12.1352734494075 10.3661536551097 8.66044094139847 7.32286388376488 7.83546914780315 9.66637508667296 12.4205639737811 17.6364654586644 19.0445248403408 19.3549700797976 13.2672934673483 10.188727751764 8.21796635422593 8.49914604383796 10.9484193887886 15.1878053468816 21.8835878801814 30.0116261895376 23.9849808521713 16.006044932946 11.6321589594956 9.00006946849488 8.84900344572303 11.668357405404 17.11474432463 28.6755746935796 52.4836046135736 28.9861753845567 19.5885266892589 12.8467137658892 9.48176983865348 8.77545793315547 11.5680504342436 16.5399901713361 24.0752451082731 29.3029054110416 27.3328732123167 21.5841692245775 12.9200921519191 9.42870475168704 8.28383425012291 10.7068962468542 16.0520614446033 18.3239066887116 21.3452560874161 20.9943247765968 15.7401709079086 11.4057422715445 8.76485679418003 7.43430771654033 9.09835916232059 11.1345790223531 13.0194609852803 15.539795907296 14.4757738303006 11.9810706659722 9.58323111536879 7.83331287788664 6.57114961260159 7.59776694574268 8.70096022818643 9.73047895498126 10.3781945076122 10.1102130753482 9.15749031102994 7.96131744022393 6.8554403180971
"12" 7.41615061062481 8.43111070987571 9.52732478152695 10.509992240652 10.9968262002095 10.743823885145 9.82423942593509 8.71328579917804 7.655767842172 8.34565995410138 9.86781447797434 11.8701513280418 14.0034579488921 15.1179035775787 14.6994769994505 12.465628995778 10.3215228415515 8.6929784233617 9.26890443890446 11.4855914975607 14.9512012837077 21.8550318339495 23.3686048409374 23.7061173869905 15.961926987656 12.1551541777864 9.73764088874344 10.0121361192292 12.9259018122895 18.0702367078651 26.4084929511782 36.6497556589213 28.98283114732 19.1051662314164 13.806465414004 10.628344186178 10.3699240582952 13.6596154707232 20.0526141718431 33.6165494137831 61.9024291569462 34.2035078101624 23.0499915421228 15.1317492377823 11.1489618696639 10.2317643037378 13.4245943079498 19.058349461195 27.7468577957457 33.9808390940157 31.7825564556532 25.0925891713052 15.0880624736329 11.0422842379232 9.62589556399462 12.3529661483672 18.1821496571679 20.9332002928273 24.4423080827219 24.1230193236652 18.206097444248 13.2728581749179 10.2289212122328 8.62163286591917 10.512619528959 12.7996234604439 14.943975882935 17.7327035091365 16.6172903477704 13.8441533494135 11.1341551166509 9.12591217204576 7.61924335141393 8.79119573718309 10.0434910418332 11.2202805303607 11.9552227462992 11.6626634187103 10.5988669714341 9.24470352697746 7.97601523217485
"13" 8.65454414765931 9.87754599274093 11.2195762147252 12.4463356619797 13.0724932163194 12.7816483054315 11.6493048306862 10.2833950020263 8.99981126685171 9.72104343859411 11.5488752977075 14.0034579488921 16.7488144979091 18.2155956029443 17.7779173339619 14.9292203593963 12.2002709178255 10.2162397737394 10.7564999109799 13.383210088337 17.6527212752997 26.5502367469082 28.4693360975852 29.3731211229949 19.1673870549987 14.3474587664569 11.4216593762632 11.554894207463 14.9270165280286 20.9786180720027 31.1550180243638 44.1095738186173 34.9635131112593 22.6709229960655 16.2467553050103 12.4146922959342 11.8951607659884 15.6165699708071 22.8242256156004 38.116747113835 71.1714581990951 39.8054567787004 26.8507676877175 17.5844599095344 12.9522775010598 11.6764771435619 15.2220790238029 21.4091898382059 31.1367626355595 38.4699949510152 36.2857111174514 28.7816472766776 17.3936120100367 12.7625003603476 10.9525316269207 13.9392845938302 20.1049375321307 23.358800767181 27.3869856734716 27.2118125241476 20.7353746208909 15.2226727864323 11.7691695523151 9.79471943051526 11.8939069562997 14.4013937772099 16.7965841603917 19.8470268596306 18.742366276181 15.7375384795239 12.7366066225453 10.472546127049 8.66045176411608 9.96837663348664 11.3615573887978 12.686166686115 13.5155930127863 13.2169425589856 12.0628482471034 10.5629856940182 9.13542179820612
"14" 9.36069126781993 10.7001632632582 12.1949872934458 13.6243883717262 14.4729581557307 14.2850461438773 13.0267193971932 11.4499231680561 9.97760245680925 10.4779494135857 12.4511614040491 15.1179035775787 18.2155956029443 20.3101824158196 20.3551694584429 16.9230090756554 13.6575310128978 11.3439555225105 11.5482983659059 14.3426760751627 18.8701847105054 27.9606686562724 31.6539627152935 35.3686593486645 21.8934219054071 16.069145784024 12.675236747357 12.3586010904873 15.9027798775234 22.23405152878 33.1530041337968 48.4813943148496 39.82645361414 25.498049329197 18.0936074588905 13.7413567831506 12.7089752009769 16.5669611465142 23.9976926800342 39.8917047895761 76.0401843943629 43.7261272143416 29.7260797808034 19.4147840922007 14.2678068163594 12.4610680729867 16.160216464275 22.5775884536911 32.765368815447 40.9887073644935 39.3323794200556 31.5943512567051 19.0719654549831 13.9802314625849 11.6908702006073 14.8025856196371 21.1107827764804 24.6625258002551 29.1056092679718 29.249713280352 22.4941296603818 16.5743955459747 12.8448609582393 10.4707203228936 12.6750924215517 15.3055355139315 17.8648479772093 21.0837832332403 20.0886381760834 16.9853352103491 13.8117051497496 11.389799292345 9.28428983966542 10.6605391607547 12.1430101212824 13.5614723889019 14.4521613282602 14.1985907847011 13.0158656461233 11.4355052553363 9.91901004786289
"15" 9.17577928100374 10.4873422222969 11.9714241014449 13.4531006634848 14.4694965027683 14.4490035747293 13.2082574935656 11.5749302392912 10.0546371707813 10.2354529691344 12.1352734494075 14.6994769994505 17.7779173339619 20.3551694584429 21.0861943918326 17.3704365803217 13.8728620006909 11.4557936706288 11.2459138348921 13.9025728330282 18.1283299324703 26.0828414793232 31.2805190802278 38.4700182736896 22.6179846152809 16.3381289907473 12.8068240553297 12.013160393471 15.3695157628345 21.2828276265479 31.4520647170291 46.8319510059285 40.4714622472706 25.9684859755067 18.3327182525452 13.8664730431259 12.3514462209596 16.0174656872432 22.9942486889286 37.9391477022765 73.3440590817877 43.7442064868169 30.1930962393925 19.6276250489106 14.3730968249287 12.1260979156916 15.664283775705 21.7905907719257 31.6474006943956 40.1188527922733 39.3842980040934 32.225392847975 19.2501313231676 14.0551684316168 11.4004930323631 14.3924775563143 20.4031154122666 24.0087212822153 28.6457281229293 29.2123700214742 22.5965369624496 16.6413869032262 12.8906369732467 10.246097154111 12.3776705511567 14.945995317814 17.5119561529345 20.8067261915675 19.9859841949537 16.9600706608878 13.8086270334198 11.3969197569342 9.11679128722181 10.4563469882698 11.9230133225911 13.3419629373906 14.2767896644167 14.0967419615873 12.962525395093 11.4069702060186 9.90959515904477
"16" 7.87111207354504 8.96075389447289 10.1777315826387 11.371630503877 12.1737883589764 12.1442245887803 11.1673125161948 9.86673616289731 8.62776418277748 8.78656150397278 10.3661536551097 12.465628995778 14.9292203593963 16.9230090756554 17.3704365803217 14.5676949852461 11.8219241268187 9.84986429242234 9.67472491647213 11.9023466538578 15.3738463416519 21.6271203631773 25.8259916065762 30.6910769492095 18.9909580388338 14.0029774797594 11.0717832008135 10.3734229120058 13.2273078174619 18.1999789016986 26.6280301384347 39.3712595304156 34.2686121516604 22.3811438853241 15.9441657128822 12.1001469034625 10.7180113905851 13.8870778744956 19.8984673574654 32.8360746195864 64.2055563596835 38.9419594454439 27.1508244323427 17.4312930059903 12.6776849606371 10.5748990865785 13.6881576353245 19.1175656931738 27.9423077711905 35.8353017096405 35.8724576555158 29.8308006779184 17.3269059926536 12.4941388685058 9.98220021684534 12.6486844748766 18.0684821491933 21.3826377829599 25.8434410954644 26.7171188774632 20.5785242973006 14.9746468966215 11.4973171465712 9.00206296118052 10.904923794336 13.2349930404541 15.6172240658761 18.7970747207138 18.1334515867821 15.3214419922787 12.3839313162214 10.1626335242916 8.02475062026371 9.22820424582448 10.5637840807071 11.8754029504846 12.7773772518073 12.6542270466761 11.6234340820799 10.1940827839394 8.82591314950202
"17" 6.59610119215164 7.48266968393532 8.4590737188584 9.37049785505434 9.97629800792317 9.9316129350019 9.1993090191401 8.18787426558645 7.20392340984986 7.37147870756826 8.66044094139847 10.3215228415515 12.2002709178255 13.6575310128978 13.8728620006909 11.8219241268187 9.79903020796904 8.23511454457261 8.13575535252369 9.97095671276826 12.70823694603 17.5961533725841 20.6718535254709 23.62079445839 15.3862030715084 11.6302240615024 9.29819417622196 8.75528622266856 11.1378462520865 15.1690841154658 21.9732144982939 31.9273047376292 27.7592568228598 18.560984788514 13.3736392427783 10.2457484135906 9.08798363153236 11.7730153792369 16.7797098364789 27.6951155004574 54.356486734873 33.2691228908496 23.425182522627 14.9495409476156 10.8404935999271 9.00740395282178 11.6889014950528 16.3970037690154 23.999145131469 30.9872026504105 31.4454640581071 26.5128995379769 15.0788596803947 10.7639008391936 8.53272946667784 10.8573827205607 15.6532291244659 18.5775633075942 22.6755221532454 23.6816373114856 18.1371175011153 13.0509035080102 9.94130701666627 7.71652273026793 9.37497856972183 11.434469805835 13.5742088874039 16.5372501710714 15.9876924756805 13.4323190091699 10.774378726271 8.79316736570959 6.88647006930991 7.94105427728984 9.12198883522378 10.2962315301648 11.1298384017562 11.0425598211693 10.1239073143277 8.84634191019937 7.63239917343845
"18" 5.5885343548627 6.32515751473333 7.12906314326274 7.86822035440665 8.34873252771898 8.30109799029259 7.71039280966873 6.89266822932739 6.08690730606335 6.25001740073384 7.32286388376488 8.6929784233617 10.2162397737394 11.3439555225105 11.4557936706288 9.84986429242234 8.23511454457261 6.96270002520188 6.90872166597573 8.44573639321736 10.7149917669346 14.6824699427316 17.0781743816062 19.0635683242516 12.7980991506484 9.79595268971865 7.88107830387025 7.45302513989814 9.46603699719084 12.8534114926267 18.4825753462155 26.567266086898 23.0260609556418 15.6337604589263 11.3486607471547 8.71925287674459 7.74547834580113 10.0523160983782 14.3217091590256 23.5903546605484 46.2086925027348 28.4339739511946 20.1556596422885 12.8258763528976 9.28028985913309 7.6980015672608 10.0024476167777 14.0636893314156 20.6776006345713 26.7815018864035 27.3672028788128 23.2126021621843 13.0438577671871 9.26690158990836 7.30872653907146 9.32029934335629 13.4966838456065 16.0882308777364 19.7922357084346 20.8007953364634 15.8467700182582 11.3230620905095 8.58296587657272 6.62285944747263 8.06000228006164 9.86330488065955 11.7667938949087 14.5022007320684 14.0253037812428 11.7224631201994 9.34702311146697 7.5993750619232 5.91561648229297 6.83416137143109 7.86978187698464 8.91102393428499 9.68221558417244 9.61405518561057 8.79772361607073 7.66497157488553 6.59639010268015
"19" 5.92718398114991 6.69327077656465 7.50058706448037 8.18449706547612 8.53260739077282 8.34781979399537 7.70082618731923 6.87925867342365 6.07880836684435 6.68493108970767 7.83546914780315 9.26890443890446 10.7564999109799 11.5482983659059 11.2459138348921 9.67472491647213 8.13575535252369 6.90872166597573 7.48196872752714 9.19079981530021 11.6963367165118 16.1714966749779 17.5057004063949 17.648757899299 12.3573033185916 9.57914576325753 7.76280198273322 8.15685443132566 10.487795889778 14.4810361859535 20.556883338602 27.7510470490772 22.2421172466831 15.0300636449853 10.9812139582116 8.52541759477879 8.54649716128862 11.2898329439033 16.5866878798609 27.7014613126204 49.944743624898 27.4892927582462 18.5892090571519 12.2022479769084 9.01627589674661 8.52912707328864 11.3246184630552 16.3415157249887 23.6961553040218 28.5101949682268 26.3867016849823 20.6701541451667 12.3459330305156 9.00173642624799 8.08299732171294 10.5661676988368 16.3002827745679 18.1986003700998 21.0041648530745 20.4828960969977 15.2164301409031 10.9546935071067 8.40130435684197 7.26203343557825 8.93667341839775 10.9987986781864 12.8304168396446 15.3267434427573 14.1451654740455 11.6213456766111 9.23257428483467 7.52787431995873 6.41046350498466 7.43188838096094 8.5268430513695 9.52843519504428 10.1477324341264 9.85108993848487 8.88351473748916 7.68174716186233 6.60104653970691
"20" 7.28504181611881 8.24533458040872 9.26156288426431 10.1211356825979 10.5439314819415 10.2919074779094 9.46711852413094 8.43470124212628 7.43878527965274 8.21892108322362 9.66637508667296 11.4855914975607 13.383210088337 14.3426760751627 13.9025728330282 11.9023466538578 9.97095671276826 8.44573639321736 9.19079981530021 11.3375654260871 14.534840839673 20.4686755154351 21.9098394380331 21.8790888916312 15.1909157116784 11.7188350083442 9.4729051225697 9.99857236464609 12.9088909403266 17.9565189444262 25.6853221672507 34.6968212478578 27.4537565404057 18.3801721726751 13.3801111118099 10.3734102437973 10.4356829617681 13.8157305407712 20.4214871312287 34.2886674867489 61.5175456683171 33.4325273706109 22.4679644877576 14.7740978682889 10.9308315890647 10.3629829904658 13.7267923860824 19.7258877767951 28.5888533208029 34.3833369179966 31.6304549301637 24.693267928148 14.8661833093809 10.8776159306637 9.78150796505285 12.7134981680125 19.3023768581467 21.7043025970974 24.993140316363 24.3206975001689 18.1682067445115 13.161551986146 10.1265232113635 8.76643804222225 10.7512821849532 13.168955231106 15.321360638256 18.1418343873152 16.8019815542038 13.8813326646307 11.0868235186838 9.06552797168258 7.73211169679384 8.94503056735989 10.2356618179084 11.4130839683212 12.1248006405959 11.7719624355141 10.6409884155317 9.22901488554395 7.94603344229654
"21" 9.30116155981557 10.5767899891661 11.9435566989354 13.1415450826796 13.6796005064068 13.2969181851409 12.1309880086665 10.7559945179606 9.45235304259469 10.4899233608869 12.4205639737811 14.9512012837077 17.6527212752997 18.8701847105054 18.1283299324703 15.3738463416519 12.70823694603 10.7149917669346 11.6963367165118 14.534840839673 19.0440741852591 28.0551790696332 29.3198372809515 28.7242140939345 19.6010030990465 14.9329389836605 11.9830697396976 12.6566246692868 16.4360006897761 23.196134870815 33.8355428652458 46.1622158461821 35.7027275253988 23.499930088141 16.9948693315713 13.0595057391381 13.1259361701121 17.3836440981237 25.8498430444854 43.5717377949272 78.2652724232752 42.1526638844177 28.1431944135214 18.518536454412 13.679579744632 12.9331295783684 17.0316795274177 24.2515915461372 35.1843819545818 42.471696361973 38.9487482749436 30.3168714004498 18.4307179058292 13.5554478833978 12.1391898036053 15.6191454144827 23.0866665051011 26.2986812140508 30.3629239916051 29.4928333212842 22.2315628128535 16.2561835004897 12.5629360168752 10.8417836796733 13.2274180436295 16.0837565218694 18.6786085157967 21.9474764382822 20.4104064083799 16.9956797483379 13.6790243515353 11.2281138999862 9.53819458683965 11.0215159015399 12.5669210639551 13.9904785212628 14.8325547307765 14.4076701374477 13.0710355234077 11.3872554027988 9.81289768711028
"22" 12.9913508683924 14.9605572342071 17.141242868906 19.0399099524138 19.7290591258019 18.9263425703104 17.025807450675 14.9224393726129 13.0061285121665 14.6282106841592 17.6364654586644 21.8550318339495 26.5502367469082 27.9606686562724 26.0828414793232 21.6271203631773 17.5961533725841 14.6824699427316 16.1714966749779 20.4686755154351 28.0551790696332 47.5238724963618 44.9968894327291 41.4733346115954 27.3908290396869 20.5088557193818 16.3017508875922 17.2331646512761 22.5406925356709 32.3622547268165 49.5257290501625 67.2104012097494 49.9428154171002 32.0995822449218 22.9840846593834 17.5894123248648 17.5778344915166 23.1248379078315 33.8548101067958 56.1940322046639 101.538279799068 55.4295257396871 36.9932418095644 24.517094349838 18.1978026285848 17.0595687361609 22.1805672527324 30.9006933254347 44.163172538571 53.5727041230456 49.3778134394575 38.6453361166924 24.0185494620546 17.8258655048294 15.8613698038828 20.0735423527768 28.4963713635116 32.7558232950683 37.8483391998025 36.8341715704313 28.2758197110198 21.0276552466605 16.3490311928386 14.0491973023962 17.0394427597041 20.4388824485912 23.5786518563772 27.2866767519369 25.6273771601746 21.6500440803069 17.669309212116 14.5670868418332 12.305895058648 14.1780973641428 16.0753450961551 17.8651237824517 18.841276918045 18.2966594374857 16.7177705443083 14.6641214538277 12.6705299074856
"23" 14.218884294623 16.3367986692008 18.7243564571335 21.0125838592555 22.2937990192872 21.8892539194852 19.8383561925472 17.3459206529153 15.0504363291156 15.9106604421016 19.0445248403408 23.3686048409374 28.4693360975852 31.6539627152935 31.2805190802278 25.8259916065762 20.6718535254709 17.0781743816062 17.5057004063949 21.9098394380331 29.3198372809515 44.9968894327291 50.6332259799295 54.3366272603367 33.4202740468223 24.2508897805436 19.0067749003812 18.6279829429325 24.1043155303488 34.0884925419575 52.2211526754449 78.5760501330887 62.301303367255 38.6394876712071 27.0910066424405 20.4573782178943 19.0168533601116 24.8155603962863 35.9290930266444 59.7163930117958 114.472896786118 64.8647123463854 43.4518314370162 28.5372280497771 21.0407298614977 18.499408298586 23.8911457368544 33.0561756088645 47.5900949463607 59.3315112621771 56.1773169377969 44.6076707296703 27.634374560169 20.4648618066011 17.2531323330941 21.6911901963941 30.2781175536728 35.3916410312034 41.5212128296103 41.1617928404936 32.012716118302 23.9422456225678 18.6982282721174 15.3719637730448 18.5511669047 22.2133277823652 25.7496158569383 29.9235433525797 28.4900449156388 24.3148635714681 19.9686158708479 16.5542485056765 13.5910560601836 15.5617956757573 17.6647741654631 19.6415104260202 20.8184980800838 20.4141453393574 18.7768512419252 16.5465047590555 14.3962451397872
"24" 14.6406750889496 16.8614523068844 19.480350528174 22.3041259958966 24.575483485771 24.9427563516429 22.6788416437507 19.5512954239349 16.727706801042 16.2180722331845 19.3549700797976 23.7061173869905 29.3731211229949 35.3686593486645 38.4700182736896 30.6910769492095 23.62079445839 19.0635683242516 17.648757899299 21.8790888916312 28.7242140939345 41.4733346115954 54.3366272603367 77.919960476891 40.452567496156 27.64984274163 21.1478933998896 18.6421083469862 23.8021374789789 32.870471666845 48.9436012117446 76.2455629900387 71.0031485089385 43.9331161386881 30.1757858253623 22.4954550082557 18.9651024545798 24.4044723194275 34.5717286590823 56.1032101178936 108.541554401135 67.5479159204707 47.0494115854084 30.99093328461 22.8018567719513 18.4545826715686 23.5412681079974 32.1409617502408 46.0421911408066 58.5077334625818 57.8239159197939 47.6166591412629 29.5026618693246 21.8999379500271 17.2622743964453 21.4700908596852 29.4492163460736 34.8090264744045 41.3540532412048 42.160435996869 33.4016969092684 25.2285985885298 19.8684519737096 15.4929970801196 18.531796873147 22.1142985361436 25.7216195919108 30.1065955465375 29.1343934470832 25.1761389854572 20.8886735862539 17.4678369991525 13.8012553879048 15.7294212829965 17.8220058155646 19.8361876722309 21.1505521538285 20.9551126859708 19.4423868827338 17.2914084911125 15.1492225302286
"25" 10.0893790142973 11.4931402355784 13.0707801215723 14.6407229954537 15.733236803031 15.7476914474273 14.5021004924813 12.8112898979152 11.1948032363881 11.2445287592854 13.2672934673483 15.961926987656 19.1673870549987 21.8934219054071 22.6179846152809 18.9909580388338 15.3862030715084 12.7980991506484 12.3573033185916 15.1909157116784 19.6010030990465 27.3908290396869 33.4202740468223 40.452567496156 24.8935103171133 18.2666912620116 14.4027667917208 13.223166125519 16.8306235126165 23.1029988437104 33.8498322382528 50.8787560512435 45.3339310774505 29.3862972187358 20.8245144466066 15.7462415659547 13.6355174962765 17.6225336035099 25.1419848118498 41.3894927350046 82.313616394757 51.0499537394936 35.7614014648077 22.7663705615057 16.4881199677884 13.4353772317484 17.3253492418388 24.0742523723354 35.2046333244588 45.6906986238974 46.4727562624102 39.1511047454563 22.5647608352703 16.2176448856916 12.6772487034082 15.9901180649133 22.5660686039421 26.9186615005622 32.7162310303178 34.1339615772502 26.5404161612312 19.3762944535028 14.8802870023648 11.4392638474605 13.8239295901644 16.7359878875513 19.7596105378361 23.7279861208895 23.0740970344621 19.6413892900587 15.950240908237 13.1110030158004 10.2147733495249 11.7282316382543 13.4182765911026 15.0873028751803 16.2513979196518 16.1507697851701 14.8938347827513 13.1007413645324 11.3627977629404
"26" 7.77645264709955 8.81450104681036 9.95709426718648 11.0548481972092 11.7759074264988 11.7405248275532 10.8771415572188 9.70669854891712 8.55648922832344 8.68405658520204 10.188727751764 12.1551541777864 14.3474587664569 16.069145784024 16.3381289907473 14.0029774797594 11.6302240615024 9.79595268971865 9.57914576325753 11.7188350083442 14.9329389836605 20.5088557193818 24.2508897805436 27.64984274163 18.2666912620116 13.8784279661966 11.0902126790188 10.306635740335 13.084315905776 17.8114728191463 25.7684434265868 37.6730245029508 33.0395429909837 22.2492285478857 16.0577645206467 12.266730073878 10.6996529551184 13.834750247431 19.6989861169485 32.4525364237688 64.3928352877234 40.2763562834493 28.6475548325677 18.1018392500325 13.0297110065122 10.610767048613 13.7425100704303 19.2327029785623 28.2571207163699 36.8976746973571 38.1449610396689 32.7524815327851 18.2913175001344 12.9606330910954 10.0611892715369 12.7759484221854 18.306665001919 21.8890103643697 26.9380947774407 28.4711114036013 21.9354153058933 15.7526518786348 11.9584582422821 9.11337056106345 11.0620025211263 13.4907975148765 16.0592929906965 19.6153476867216 19.1108444824118 16.1217565219216 12.9424667249459 10.5526081814302 8.14661530198686 9.39333825385828 10.7989660601426 12.2096833282923 13.2337653155725 13.1768146247407 12.111780571507 10.5945985234928 9.14138190607424
"27" 6.28387992030411 7.10527884281272 8.0001804193099 8.82264228613341 9.36164211475218 9.3186018568366 8.67652072762547 7.77665656790412 6.88137588472068 7.02420619966335 8.21796635422593 9.73764088874344 11.4216593762632 12.675236747357 12.8068240553297 11.0717832008135 9.29819417622196 7.88107830387025 7.76280198273322 9.4729051225697 11.9830697396976 16.3017508875922 19.0067749003812 21.1478933998896 14.4027667917208 11.0902126790188 8.94205780344468 8.3760721256041 10.6182834793247 14.3748210129092 20.6116325755147 29.6265468970692 25.8835435522379 17.7479609373032 12.9239941393175 9.92960684186773 8.71044801970915 11.2863479452414 16.0361195115391 26.3596357801902 51.9619045311793 32.5497320580788 23.3180393293647 14.7318130715258 10.6113597171971 8.66553172964583 11.2454629852112 15.7897539166357 23.2568796814512 30.3870179030544 31.5488192240287 27.1936953919612 15.0491538312563 10.6201817083878 8.23717729023289 10.4932119226679 15.1440923642426 18.1568183331899 22.5086888163433 23.916026712326 18.2832529656119 13.0214004715662 9.83465302070329 7.47643800788057 9.09559717258876 11.1370884219156 13.3258488068157 16.4898042414107 16.050826856516 13.4414845489899 10.709919156309 8.69417171614162 6.68746950612168 7.72834846706915 8.90900090787979 10.1070112690489 11.012005019774 10.967581562804 10.0527030153014 8.76011950354559 7.53526657722199
"28" 6.43692086082235 7.25392184656795 8.10636815236004 8.81888467142797 9.17359439432125 8.968403153375 8.28221204884469 7.41203671040924 6.55907257484293 7.26895150130027 8.49914604383796 10.0121361192292 11.554894207463 12.3586010904873 12.013160393471 10.3734229120058 8.75528622266856 7.45302513989814 8.15685443132566 9.99857236464609 12.6566246692868 17.2331646512761 18.6279829429325 18.6421083469862 13.223166125519 10.306635740335 8.3760721256041 8.92254471838475 11.4682687608794 15.8075680335206 22.2278463169341 29.6283820481907 23.7213720616201 16.1368149656692 11.8326880972203 9.20809994832275 9.3852378711956 12.4225660821873 18.2984908052117 30.5137994495037 54.2472112407621 29.6581178648788 20.0259803570972 13.1774644472822 9.75365039499717 9.40000780971977 12.5444387395662 18.2222058141124 26.3535671716488 31.3211828276529 28.6903009641924 22.3252426051293 13.3682720413964 9.75705550199469 8.92573906178029 11.7534013832785 18.4737267584584 20.320646339717 23.2014519217281 22.4070753211467 16.5635425942165 11.9037737086405 9.12814111288158 8.01965058565944 9.90417870953067 12.2308891849385 14.2235790048231 16.9366098722436 15.5143538534844 12.6932084310253 10.0594428893635 8.1952214386272 7.06916857692191 8.20839922270861 9.42385537876978 10.5144124241711 11.1699479799739 10.8079429162568 9.71751856250246 8.38459309983132 7.19812085812833
