"V1" "V2" "V3" "V4" "V5" "V6" "V7" "V8" "V9" "V10" "V11" "V12" "V13" "V14" "V15" "V16" "V17" "V18" "V19" "V20" "V21" "V22" "V23" "V24" "V25" "V26" "V27" "V28" "V29" "V30" "V31" "V32" "V33" "V34" "V35" "V36" "V37" "V38" "V39" "V40" "V41" "V42" "V43" "V44" "V45" "V46" "V47" "V48" "V49" "V50" "V51" "V52" "V53" "V54" "V55" "V56" "V57" "V58" "V59" "V60" "V61" "V62" "V63" "V64" "V65" "V66" "V67" "V68" "V69" "V70" "V71" "V72" "V73" "V74" "V75" "V76" "V77" "V78" "V79" "V80" "V81"
"1" 0.687649271804101 0.775082914878628 0.866206009018222 0.943936724510041 0.98173172271233 0.96231784480971 0.893886680342003 0.801718048406657 0.71107861823655 0.775057934626908 0.907580055859327 1.06659125330018 1.22904702164576 1.31547228459861 1.27423350528204 1.11928210328769 0.95370210535239 0.812205676563228 0.865610664175838 1.06214654080171 1.34301710938473 1.79126934962008 1.9847807720563 1.96218748343636 1.4415793050726 1.12804798116771 0.919788368696371 0.943238091803081 1.21552511101066 1.68737007565327 2.38158652615037 3.16439606306243 2.56298618577032 1.79011180481757 1.31827866771079 1.01774815315982 0.984927797931699 1.3035178319289 1.94355778358834 3.27436338013159 6.72875068376525 3.33728842075717 2.29840467948758 1.48910199874848 1.09042908480353 0.976334918524186 1.28301045876121 1.83605654427408 2.70528824212969 3.36921887576318 3.30116007243937 2.65859948008972 1.52885943941759 1.09622274230852 0.921376248158835 1.17892587088081 1.72487699618169 2.06409902094048 2.39486943533589 2.56089836130456 1.92449786229204 1.35404117404811 1.02457702524008 0.836625925704474 1.01268486574509 1.24133928714019 1.46183369524645 1.76669904012953 1.70359398428549 1.42069271614544 1.12650160598352 0.91547639430535 0.744759077879313 0.85894489300206 0.985039424852232 1.10523531292242 1.19501025840551 1.18000438425617 1.07405129987265 0.933247541561147 0.800909269555025
"2" 0.775082914878628 0.883428317261219 0.984438066920486 1.08074079523412 1.12617161361769 1.10450405643956 1.02459568815741 0.917078248123907 0.811894746931734 0.881351788407128 1.03404831947604 1.2190155569588 1.41067919056052 1.51557220517236 1.47092320299965 1.28686581666729 1.08440143189736 0.927351498883634 0.98300217031966 1.20835227123388 1.53373855088077 2.06655886466603 2.29827414547653 2.30571202726352 1.66079830422164 1.29103034350624 1.04934250376792 1.06894041072999 1.37863717525615 1.91738224144017 2.72242410532713 3.64349867670232 2.95507854418095 2.05186723199038 1.50471184680796 1.15902278874152 1.10997882415677 1.47268999702482 2.19429739107188 3.69920690610599 7.63401452537457 3.80846407308062 2.62190568993899 1.69321365068084 1.23856618732199 1.09785116993075 1.44360533188051 2.05806305161497 3.02723326173519 3.78344582699145 3.7138395743827 3.0015816723829 1.73020462614258 1.24163614297366 1.03441627859467 1.31951153088275 1.91679424119275 2.30058058801655 2.67310594709675 2.85747608458056 2.15922762833413 1.52654499593186 1.15774183635184 0.938776498629771 1.13375626299724 1.38594110513808 1.63038293815998 1.96543752980372 1.90091208354743 1.59246101813584 1.26463099237833 1.02987234388802 0.831574660151916 0.962593901569334 1.10234098187337 1.23539061037144 1.33431900196966 1.31883680064775 1.20289818430197 1.04750348105228 0.89763068375352
"3" 0.866206009018222 0.984438066920486 1.1179292362973 1.22327076183401 1.27346303578801 1.24590014972483 1.144100083463 1.022993537058 0.904737695946342 0.98026661052402 1.16587246451307 1.38263091650557 1.60920689215106 1.7219781392575 1.66116715175828 1.44871765436895 1.21830718228657 1.03340774592983 1.09205355381637 1.3603324567465 1.74296420994854 2.43451315470127 2.62810988468233 2.59484477960656 1.86940950446724 1.44058598188449 1.16886620187299 1.1852391086216 1.54407415716625 2.15421383112643 3.08639033086659 4.14405558137081 3.34384456391016 2.30490966544631 1.67696200068123 1.28976847207341 1.23172934618113 1.63955555992331 2.43649315826571 4.10466948901014 8.53046519768761 4.25933305630688 2.92888893596715 1.8824193943253 1.37605501600981 1.21550055933242 1.59013463411738 2.269475158072 3.33112144356879 4.18090847489624 4.11360278773164 3.3242838774015 1.91793747186325 1.37697342205858 1.14362825064786 1.45378181949668 2.08705831750666 2.51455716865924 2.93064610312649 3.13739738836609 2.38052073609718 1.68794409394129 1.28191244595827 1.03758307436225 1.25002062240818 1.52378338533828 1.79139882587473 2.14868010830148 2.08530527667381 1.75332678246971 1.40026920207686 1.14256909113407 0.919380888741837 1.06274407886382 1.21540286851738 1.36090372081462 1.46903643250761 1.45384910193583 1.32882794914203 1.15958484440802 0.99527483775565
"4" 0.943936724510041 1.08074079523412 1.22327076183401 1.36560853491171 1.4273778770491 1.39980814177402 1.28449755269239 1.13749623572249 1.00360163520706 1.0724418965309 1.2824625567014 1.53619407345393 1.79838591789218 1.93993142420334 1.88293566445163 1.63500023692672 1.35570141525399 1.14709768561143 1.19189791455417 1.50113600609568 1.92978888478392 2.71903396788581 2.97568208195751 3.02464358131412 2.11927923735585 1.61755566031556 1.3009571979446 1.29424672694971 1.69504454699454 2.36272601466284 3.41373566354775 4.6656529032085 3.79870486272751 2.59688779270771 1.8769511469651 1.43852749869945 1.33595947859785 1.79114831130402 2.64621843042019 4.45272759070256 9.41407093136345 4.7464391599949 3.28312011401307 2.09644301433636 1.52406746599794 1.31607777385835 1.72547423309625 2.45808528860276 3.60326676973912 4.56172601308139 4.51820680327606 3.67355599183708 2.12347845422721 1.52004488377737 1.23303083976347 1.57046886259746 2.23736965258862 2.7157573377676 3.18048431647471 3.41777339781911 2.61114520666572 1.85444999955828 1.41116859037951 1.11906520677113 1.34504446625492 1.64464712032161 1.93394492564645 2.32166551516315 2.26478534807501 1.91400042100409 1.52961266449914 1.2466110145395 0.992310120865127 1.1457465219898 1.31223470928763 1.47389107254437 1.59155643005343 1.5784664833676 1.44228801264146 1.26151701808934 1.08460914765197
"5" 0.98173172271233 1.12617161361769 1.27346303578801 1.4273778770491 1.49819133140971 1.47442531597935 1.35554539694546 1.19972191342671 1.05711264378382 1.11477245781052 1.33163898977249 1.59669963320639 1.87499926660702 2.03995776790802 1.99605905011411 1.73160470708862 1.43058300621504 1.20969794756914 1.2364319635598 1.55428329428646 1.99637769080721 2.80233507897505 3.13161516192429 3.27321198520658 2.25574735304873 1.71193850656974 1.37247094786515 1.33978724961784 1.74905850147183 2.42940961121735 3.52089666152917 4.88620279200542 4.05271391505267 2.7563736011897 1.98464229681191 1.51716994940053 1.37998448171846 1.84429773408121 2.70706933977503 4.54389243611254 9.74939360184407 5.00083538832291 3.47843269273539 2.21373753236262 1.60550701982847 1.35895361962724 1.77761271545924 2.52082295328092 3.69585610781731 4.72579188704652 4.73720278885994 3.88879607411707 2.23782598264172 1.59882283232725 1.27383059233143 1.618141531544 2.29024957007885 2.79315493590703 3.29436898561079 3.56833771562156 2.73947116442923 1.9472951491824 1.48163882265613 1.15740221293886 1.3890104224379 1.69660728587058 1.99830238971422 2.40465209320857 2.35927928571344 2.00092083909401 1.60106035501299 1.3056616692341 1.02746816677364 1.18588816148049 1.35838968589404 1.52720487265027 1.65203061801067 1.6428300686789 1.50468272636887 1.31811360981427 1.13436741045575
"6" 0.96231784480971 1.10450405643956 1.24590014972483 1.39980814177402 1.47442531597935 1.45676378374981 1.34399138893343 1.19079043965059 1.04925357287133 1.09216507774484 1.30078143542453 1.55761519259092 1.82957629356717 2.00505698650905 1.97887002412638 1.720185265978 1.42109726020455 1.20265277028837 1.20977146935786 1.51504195493911 1.93808386380638 2.68760563638214 3.06549280263987 3.28884082531499 2.25060647449313 1.70621195976124 1.36644183017027 1.30981410948156 1.70245322386987 2.35240863830301 3.40125882302314 4.76463454908529 4.04184288615796 2.75428690795755 1.98200411809991 1.51285614061738 1.34863073925375 1.7959396082569 2.62038042595172 4.3843156703182 9.51823350563746 4.99026404228647 3.50190355398086 2.21770867176505 1.60308836904355 1.32956973016095 1.73662002652256 2.45500021657872 3.60474517293604 4.65676539389769 4.7395247238485 3.93959434274693 2.24494200247387 1.59713158768421 1.2483041363114 1.5839824150017 2.23590787812893 2.73923794023917 3.257635822425 3.56650320518621 2.74671285206831 1.94811698860228 1.47888702557776 1.13614276733801 1.36315189331317 1.66602916131611 1.96813716297736 2.38126145157958 2.35012029941133 1.99678658892945 1.59654516297484 1.30070832852319 1.00987245942718 1.16628639898263 1.3376042584121 1.50699817734055 1.63505778888464 1.6306990673705 1.49617175924972 1.31116744012934 1.12824941025963
"7" 0.893886680342003 1.02459568815741 1.144100083463 1.28449755269239 1.35554539694546 1.34399138893343 1.25150778641978 1.11192126449604 0.981423437550777 1.01386971279368 1.19437508267744 1.42350436890372 1.66545192833154 1.83376629324879 1.82195838222081 1.59309258770973 1.32852866088791 1.12665592906868 1.12281655034593 1.39038932045731 1.76356365137555 2.37510664675019 2.78426226783586 3.02052997538381 2.0888281493638 1.59851444287292 1.2830188502708 1.21636024676019 1.56532325879811 2.14988289583107 3.08973068427214 4.34688195075482 3.74420487957676 2.57712545329992 1.86680036867249 1.42546170341354 1.25453630541249 1.65763069577839 2.40992613882308 4.0262905277786 8.81456215679766 4.71069992396288 3.3377370752233 2.10566999564152 1.51668062018058 1.23943643640709 1.61771191863209 2.27760410054344 3.35559771333871 4.37487624938684 4.5211172368734 3.811255321692 2.14251955290923 1.5152263482567 1.16624721079405 1.48059083282399 2.09144695651376 2.57214603645337 3.08389926989301 3.4153370912827 2.63205766933306 1.85711411993775 1.40387296669192 1.06340075904164 1.27706850478119 1.56391130349085 1.85448290766879 2.25997452330911 2.24170266625396 1.90394456311963 1.51847941862983 1.23399005520744 0.946257753901727 1.09435450441836 1.25767763768845 1.42094353202424 1.54731397566538 1.54721750311844 1.42057256741124 1.2437581840716 1.06886696480285
"8" 0.801718048406657 0.917078248123907 1.022993537058 1.13749623572249 1.19972191342671 1.19079043965059 1.11192126449604 1.00063776759827 0.885280410954816 0.908740041403949 1.06460684448414 1.25997336959723 1.46922686783188 1.61492270872964 1.60617366676598 1.4124778043281 1.18564857810347 1.01749917691858 1.00665986003602 1.23415064345768 1.558587063552 2.08062565995296 2.43474259827943 2.62962907958731 1.85108624707138 1.42863966567935 1.1552783253101 1.08791879323657 1.39102515452695 1.90204896624123 2.71538988476143 3.79556920437732 3.2999974056717 2.30487300842729 1.67938557337714 1.28424431325326 1.12473836762678 1.47724257121269 2.13977597114013 3.54463866130929 7.80417398552011 4.25653359660377 3.04917991041338 1.91348570308959 1.37825808351193 1.11393512908823 1.45316739519017 2.03952178089918 3.01005707116413 3.95420077462074 4.15012351289991 3.5392925115594 1.96088064667872 1.38211314849227 1.05426389306844 1.33564267475362 1.89276346507691 2.32774943850194 2.81305814770506 3.15272663983294 2.42634494737693 1.70462781859876 1.28228116026643 0.963030701084702 1.15827091511203 1.41762969130958 1.68787320782424 2.07455579913856 2.06618921466485 1.75145975449034 1.39172797821761 1.13299713511986 0.857799653120162 0.993732977604503 1.14467965253705 1.29330241749705 1.41393577844769 1.41706427301887 1.30458814876044 1.1402922576155 0.980436684490668
"9" 0.71107861823655 0.811894746931734 0.904737695946342 1.00360163520706 1.05711264378382 1.04925357287133 0.981423437550777 0.885280410954816 0.787655240586607 0.805813812645126 0.942374358068221 1.11260843983515 1.29314154516385 1.41721911842522 1.40831693525424 1.2435983585797 1.04945959939414 0.902418502642152 0.893250070237554 1.09321017247406 1.37616489066867 1.82418907023136 2.12534756326005 2.27555375833599 1.62718969116825 1.26479606185193 1.02606215361112 0.966612972799532 1.23425916607146 1.6833663436045 2.39195413708486 3.32268351542688 2.89034223779457 2.03923771079676 1.49287114972484 1.14369984607096 1.00161614336766 1.31431148553059 1.90155134846861 3.14541700195748 6.9193636212061 3.80074043265049 2.73164403465464 1.71138269568061 1.23164190410561 0.993970427417052 1.29710714549097 1.82327756599476 2.69662400382642 3.55218790952398 3.74966608370831 3.20334902152931 1.76284884585098 1.23889144861368 0.942327852714438 1.19574690021452 1.70068392903164 2.09472040594607 2.54246466783285 2.86903301240942 2.19965321398773 1.53609366940765 1.1516321522557 0.861734958252995 1.03803504760243 1.27339628839103 1.52056908991172 1.8814954191744 1.8769277980365 1.58559938917445 1.25485760869026 1.01866335025121 0.767950791535609 0.890912496789144 1.02809318089993 1.16427018194415 1.27637169488136 1.28039031554054 1.17748660953167 1.02701362280571 0.881362814226737
"10" 0.775057934626908 0.881351788407128 0.98026661052402 1.0724418965309 1.11477245781052 1.09216507774484 1.01386971279368 0.908740041403949 0.805813812645126 0.884659732848663 1.03567169769194 1.21624348352221 1.39973277990514 1.49672828785512 1.4494507397212 1.26933606622003 1.07405787819213 0.919890017505141 0.989004468100305 1.21376682409585 1.53375768477775 2.04035584394502 2.25539417691338 2.24033178039876 1.63599444642296 1.27704016480724 1.04109741007178 1.078997494043 1.3920233656095 1.93498598991976 2.72073593521984 3.58814371196822 2.89867347499201 2.02726081101096 1.49341625910924 1.15102124101112 1.1248569552064 1.49542561879553 2.23696445853535 3.76444864800881 7.63937069407728 3.783651712595 2.60026879596353 1.68448860938924 1.23221621520988 1.11608657503291 1.47387953535746 2.11334967435339 3.09978786894795 3.82751237055015 3.7214196858882 2.98708918781106 1.72639146158576 1.24026185358501 1.05354240420574 1.35353603736353 2.01881572275053 2.36800291884398 2.71836949327368 2.88299262751545 2.16684694380813 1.52905143210895 1.15901509181756 0.955745851714021 1.15954759619763 1.42406530437477 1.66769630574983 2.00299202124271 1.92319892586519 1.60380560666584 1.27056303845697 1.03092268912042 0.845342906149317 0.980312063215171 1.12363150700978 1.25742060572801 1.35467762511817 1.33425012217933 1.21319406661902 1.0541540651431 0.899652769924478
"11" 0.907580055859327 1.03404831947604 1.16587246451307 1.2824625567014 1.33163898977249 1.30078143542453 1.19437508267744 1.06460684448414 0.942374358068221 1.03567169769194 1.23365076342239 1.45816352252783 1.68837863996253 1.79846834585923 1.73101891146673 1.50788246326281 1.26211055280705 1.07516121364328 1.15688415646602 1.44468243688966 1.84465383446213 2.54689373911685 2.73015417856329 2.68640015390541 1.94149665909246 1.49930084049615 1.21924970543833 1.26426969426335 1.64958082439931 2.30613767891814 3.27116801317931 4.31174103399523 3.44956909976903 2.39197954930754 1.74721523595424 1.34477624231655 1.3140812131696 1.76065898583647 2.63720673894987 4.44463476927878 9.06242679810813 4.43537960759213 3.03400894663498 1.9604399186506 1.43529879997923 1.2995641899293 1.71332747643172 2.45912757396984 3.59798210822329 4.44842468467778 4.30472742919308 3.44042203909342 1.9996998520872 1.44035483054996 1.21929273672473 1.56595351374542 2.30747822256472 2.71865369276009 3.12188433635902 3.30049765569101 2.49139344919507 1.76716021487732 1.34344793642296 1.10479499153371 1.3364941043199 1.64067368079556 1.91799656969326 2.28894976129439 2.20249454726641 1.84454414570362 1.46738312434117 1.19033209588747 0.976954054355242 1.13078559826672 1.29349167542386 1.4494531829715 1.5583879381317 1.53547926996314 1.39457181727637 1.21455063629404 1.03866496517316
"12" 1.06659125330018 1.2190155569588 1.38263091650557 1.53619407345393 1.59669963320639 1.55761519259092 1.42350436890372 1.25997336959723 1.11260843983515 1.21624348352221 1.45816352252783 1.75014378449608 2.04107314584261 2.17617237165308 2.08818418792337 1.80516531807588 1.49990483975858 1.26900434649857 1.35587763655562 1.7193287672495 2.21493824980797 3.14185400871986 3.33780533662375 3.27336880895025 2.33212822502682 1.78154355896185 1.43712911579911 1.47666847046702 1.95173470214434 2.73853258566961 3.93644767058429 5.25507805599183 4.16758766340668 2.85842474981795 2.0728712789836 1.58721917728039 1.53324290022232 2.06825076108842 3.09058097182598 5.21556047008415 10.7125702460491 5.25277949548572 3.59671768284406 2.31122291700556 1.68108701985236 1.51058808219203 1.98915825456396 2.85233786238151 4.17379025524801 5.18468281795974 5.00419139399576 4.00228989596149 2.34096687476643 1.68012339194884 1.40836599347802 1.80954825400539 2.62501543807818 3.12316890758158 3.59532519560853 3.79467311279622 2.88456356162471 2.05371276650174 1.5624366441924 1.27497611906841 1.54215300748237 1.8884307319473 2.20498817391901 2.61624324796366 2.52717127098267 2.12877600190016 1.69756996286527 1.38193266350503 1.12768324787177 1.3021799217369 1.49478047532967 1.67218998448732 1.79513722471985 1.77097917366725 1.6081833687416 1.40512733081154 1.20507742672129
"13" 1.22904702164576 1.41067919056052 1.60920689215106 1.79838591789218 1.87499926660702 1.82957629356717 1.66545192833154 1.46922686783188 1.29314154516385 1.39973277990514 1.68837863996253 2.04107314584261 2.40317495171731 2.57585929791902 2.47338161466051 2.12505725686389 1.74886457784252 1.4750505084298 1.55510527285991 1.98225995449499 2.57717034212195 3.75948519272953 3.99763296229157 3.96200662257367 2.75393452748991 2.07936644649668 1.66790332850582 1.68532682336114 2.231062478547 3.13364395149468 4.57822780165384 6.23202984068331 4.95011996499417 3.34666414401507 2.40595170202493 1.83644557615184 1.73968291336459 2.3439799250326 3.47378132882637 5.85145165787824 12.246383760325 6.05917077431425 4.15083253490228 2.6624394614239 1.93565659914096 1.7077333636827 2.23846417064702 3.18875947454618 4.65323050840334 5.83692846785307 5.67564558019507 4.56252486484317 2.67819300182975 1.9255868293177 1.58946818877004 2.02936649647092 2.89668410769731 3.47040491703352 4.0194895297921 4.26003108257241 3.26456212260827 2.3379245034783 1.78481945603096 1.43893993117084 1.73277448435644 2.1123546695659 2.46563001061534 2.91806059081788 2.83605444239512 2.40470070943035 1.92731836378553 1.57455734653273 1.27391158994987 1.46759538294245 1.68108992333727 1.87894346560046 2.01689265566424 1.99477257126566 1.81827821942196 1.5942805387337 1.37156338178958
"14" 1.31547228459861 1.51557220517236 1.7219781392575 1.93993142420334 2.03995776790802 2.00505698650905 1.83376629324879 1.61492270872964 1.41721911842522 1.49672828785512 1.79846834585923 2.17617237165308 2.57585929791902 2.83603869934062 2.77239755214807 2.3598656954145 1.92809292865092 1.61968954073619 1.65686959724492 2.10050327726625 2.72256141481861 3.94116421262736 4.41131423722676 4.6436968015725 3.11375519931532 2.30534180121663 1.83666496836792 1.78902928688274 2.35114666257066 3.28649242895718 4.84804515759149 6.82865186007554 5.66633492133442 3.75613860549131 2.65792433983323 2.01936371305949 1.83885048831376 2.46215852557044 3.61525646956077 6.08333361505953 13.0488217221146 6.66506430413838 4.60153039484484 2.92668876726228 2.12139997659877 1.80385463802989 2.35616077039821 3.33493546321199 4.86697762111659 6.22055123463516 6.18673322564457 5.01044245052175 2.92900767417656 2.10247766438671 1.68042148811947 2.13554707232708 3.02235631601357 3.64870636416242 4.27112658193587 4.5791749540818 3.53894633110815 2.54145505517448 1.94218805681471 1.52394460063674 1.82994819813405 2.23143008222718 2.61069865511682 3.10038524210255 3.0394157697498 2.59346794499478 2.08425514163126 1.70598648949145 1.35165481800575 1.55579979005418 1.78163706041897 1.9988728979826 2.15106668776918 2.13629069916045 1.95552476565263 1.7196253416319 1.48273601900191
"15" 1.27423350528204 1.47092320299965 1.66116715175828 1.88293566445163 1.99605905011411 1.97887002412638 1.82195838222081 1.60617366676598 1.40831693525424 1.4494507397212 1.73101891146673 2.08818418792337 2.47338161466051 2.77239755214807 2.76466516246652 2.35741316221131 1.91907091139172 1.61407389768909 1.60074505059394 2.01346393422943 2.58684133729585 3.64611958592826 4.27455514057744 4.80278264174763 3.14151653058993 2.31058256062402 1.83414932527971 1.72613187306328 2.2492829133883 3.1143897192613 4.5631284386904 6.54007711827824 5.70840041585978 3.78266592012543 2.66680757152583 2.01938675180621 1.77190035484541 2.35893401686081 3.4313660204129 5.74239150042927 12.5306579572642 6.65202023603601 4.66029400900837 2.94293225022803 2.12310816330723 1.7418415208263 2.27178190300671 3.19929820272807 4.67939340300381 6.07568723964362 6.18998546501759 5.10996495409879 2.9466784709097 2.10324493698788 1.62734942106755 2.06481867664132 2.91516872335356 3.54200619957776 4.19688784861176 4.57219498673953 3.5523208643521 2.54473416741432 1.93940231014046 1.47996022197843 1.77646928119436 2.16894770961283 2.54902933406741 3.0539772129227 3.01998802971594 2.58510208389463 2.07508057629605 1.69676762591747 1.31534359131988 1.51548049733849 1.73869635661598 1.95728677370622 2.11593866263943 2.11076685581572 1.93788618455608 1.70561141805162 1.47094179999692
"16" 1.11928210328769 1.28686581666729 1.44871765436895 1.63500023692672 1.73160470708862 1.720185265978 1.59309258770973 1.4124778043281 1.2435983585797 1.26933606622003 1.50788246326281 1.80516531807588 2.12505725686389 2.3598656954145 2.35741316221131 2.05279459323075 1.69271439536094 1.4286694270092 1.40267245815107 1.75017390383931 2.23067182777859 3.06382347942027 3.59348970007012 4.00423351932878 2.70436925489058 2.04210765811092 1.6310268608778 1.51549747977898 1.95999778358561 2.69708130667119 3.89418373232535 5.53658411423087 4.86066433765439 3.31317978084504 2.37719540917402 1.80869526903888 1.55758603941883 2.06492088544665 2.99351744930855 4.98261150836589 11.0033098602289 5.98078496902276 4.2505278910207 2.66785427117682 1.91821438135158 1.5361299040657 2.00080342277011 2.81842173316887 4.14074454338544 5.43569659931399 5.68795144446025 4.80237900714483 2.70014060533277 1.9098149890685 1.44420660309426 1.82716360258351 2.56482487618098 3.16467519756554 3.80773695267738 4.22976213297869 3.28472983331331 2.32884900563607 1.76415718142962 1.31705674796105 1.57775161174872 1.93238646914565 2.28978782741738 2.78089566492722 2.77169589360998 2.36897118658581 1.89743504214202 1.54588072200151 1.17260019166638 1.35433834682129 1.55463327716208 1.76008694612047 1.9157067269174 1.91937611960044 1.76791450008753 1.55263830007703 1.33730903727009
"17" 0.95370210535239 1.08440143189736 1.21830718228657 1.35570141525399 1.43058300621504 1.42109726020455 1.32852866088791 1.18564857810347 1.04945959939414 1.07405787819213 1.26211055280705 1.49990483975858 1.74886457784252 1.92809292865092 1.91907091139172 1.69271439536094 1.43686036858658 1.2076119121174 1.18910340993923 1.46826512440095 1.85306133189633 2.47236810329244 2.90389155277555 3.11658953805783 2.22239184523128 1.71884612549882 1.38498097207168 1.28881252488076 1.6532372592939 2.26290255130175 3.2360357895049 4.55624517073957 3.98558251166444 2.78343067947482 2.02643787863755 1.54785636923491 1.33794371034593 1.75433817075986 2.54194387738263 4.23104115017714 9.36970857130647 5.16709210328162 3.7136351007875 2.31615838729867 1.65762524872135 1.32443516362261 1.71855057973521 2.42172573365085 3.57837701471805 4.73410187761393 5.03455104512143 4.31419406123379 2.37364296543536 1.66249566510777 1.24918891554508 1.58484362115502 2.230298963173 2.76222313520348 3.35398216738072 3.77853755569787 2.92394341615112 2.0502995328074 1.54053420959199 1.14167286929252 1.37138517934506 1.6868393140752 2.00953132412124 2.45967811930843 2.46229735683396 2.09585170097469 1.67487886244315 1.35764846374162 1.01745048437523 1.17829116541988 1.35713262872937 1.54313609305976 1.68793976984677 1.69528978281377 1.56029833617902 1.36619992605497 1.17303840416351
"18" 0.812205676563228 0.927351498883634 1.03340774592983 1.14709768561143 1.20969794756914 1.20265277028837 1.12665592906868 1.01749917691858 0.902418502642152 0.919890017505141 1.07516121364328 1.26900434649857 1.4750505084298 1.61968954073619 1.61407389768909 1.4286694270092 1.2076119121174 1.0391303013483 1.01890097102659 1.24587467804367 1.56621471733809 2.07020520306092 2.42280680080416 2.6090760765486 1.87253726096337 1.45830764834814 1.18349538320248 1.10191283031666 1.40493234981407 1.91134694277761 2.71367806694477 3.7808962384912 3.32180793416905 2.35688859553421 1.72723435621581 1.32217676484882 1.14159662860539 1.49542228055529 2.15614466119261 3.55862787043677 7.87131760122036 4.40029572577262 3.19562271067098 1.99050396956909 1.4268986776357 1.13321483253392 1.47658044831844 2.07085261897163 3.06358014648334 4.06505294990942 4.34900621279029 3.77447374424445 2.05436805244743 1.4363873459066 1.07508893842298 1.36243170511667 1.92961722732245 2.38547598202406 2.91237721196498 3.31284726335421 2.55418771277013 1.78268545439831 1.33367670759689 0.984140544672351 1.18471236785326 1.45308593935278 1.73789855076408 2.15344301529456 2.16026354937234 1.83130406644768 1.45110224284245 1.17738185743018 0.877763501458056 1.01847896222287 1.1759596696821 1.33317711750349 1.46396377330674 1.47233129929353 1.35690004028331 1.18482106788236 1.01701714871463
"19" 0.865610664175838 0.98300217031966 1.09205355381637 1.19189791455417 1.2364319635598 1.20977146935786 1.12281655034593 1.00665986003602 0.893250070237554 0.989004468100305 1.15688415646602 1.35587763655562 1.55510527285991 1.65686959724492 1.60074505059394 1.40267245815107 1.18910340993923 1.01890097102659 1.1076316022423 1.35920915983183 1.71434582522589 2.26418511213168 2.48922934902889 2.4533418409279 1.80376878047511 1.41163811678937 1.1526243648883 1.21091268177019 1.56477897334387 2.17937020673211 3.04538303502479 3.97011778170706 3.18907669155889 2.23615708108517 1.65084868483172 1.27400079476697 1.26475431417899 1.68589982279813 2.53639020454265 4.26937727455572 8.53228508910181 4.18360844708242 2.86511017548571 1.86154117122555 1.36417943376501 1.25582790452656 1.66311102593055 2.39421190013398 3.50762890764105 4.28592012835577 4.12407065354286 3.28711470730534 1.90875764268375 1.37408539799197 1.18526800517699 1.5274960153947 2.29794648735162 2.67664964036268 3.04550615307907 3.20253550328456 2.39991881668522 1.69448737047704 1.28539304530458 1.07415301439294 1.30539324888386 1.60523227527464 1.87491084508599 2.24167529330626 2.14100678751292 1.78176301113731 1.41114127814388 1.14484454611784 0.948951740658796 1.10090830055259 1.26164862594825 1.40970645554201 1.5149893839958 1.48822266161099 1.35080915387428 1.17275511942737 1.00023318173329
"20" 1.06214654080171 1.20835227123388 1.3603324567465 1.50113600609568 1.55428329428646 1.51504195493911 1.39038932045731 1.23415064345768 1.09321017247406 1.21376682409585 1.44468243688966 1.7193287672495 1.98225995449499 2.10050327726625 2.01346393422943 1.75017390383931 1.46826512440095 1.24587467804367 1.35920915983183 1.71342554352166 2.18435138128487 2.98960290101008 3.17997156084233 3.08578093804581 2.25228854217219 1.74042647387381 1.41195561047229 1.48922952413286 1.96665342846903 2.76192646635316 3.88960513955567 5.05911514152198 3.99823158481976 2.77876842624938 2.03339328814429 1.5624241083281 1.55626995100009 2.10511376596204 3.18560001927907 5.37787927439513 10.7004338408189 5.16986273211675 3.5281651131404 2.27876592324497 1.661102666862 1.5387303892647 2.03929652824727 2.94844797451407 4.31693234352264 5.26455857086326 5.00100337294349 3.95854149822115 2.32090138505559 1.66705419574752 1.43613326448732 1.85989273941425 2.75556373647813 3.23713578942285 3.67518827877664 3.83346574486178 2.88806763019276 2.04866007779585 1.55573358371657 1.29873181062213 1.57900698597627 1.94238244146612 2.26233261668711 2.67745481525664 2.56032139935388 2.14149399308636 1.70039200190455 1.38034050064067 1.14647786208826 1.32677023878077 1.52515795406601 1.70459930678978 1.82547329944157 1.79262885010336 1.62007309910417 1.41056589646859 1.20613581023164
"21" 1.34301710938473 1.53373855088077 1.74296420994854 1.92978888478392 1.99637769080721 1.93808386380638 1.76356365137555 1.558587063552 1.37616489066867 1.53375768477775 1.84465383446213 2.21493824980797 2.57717034212195 2.72256141481861 2.58684133729585 2.23067182777859 1.85306133189633 1.56621471733809 1.71434582522589 2.18435138128487 2.82964528091027 4.03785445510938 4.19013594435823 3.9940263018401 2.87186695645628 2.1915057509914 1.77019255750367 1.87077031067633 2.49700242122635 3.5346332307733 5.06041893117845 6.62003532443111 5.12464641130042 3.51216654600633 2.54989681104439 1.95620667579645 1.94921196585334 2.64715124072959 4.01099029351278 6.7971631737224 13.5594251416065 6.46236644035538 4.37986789607222 2.83157127010296 2.06852856761453 1.91605642379732 2.52951794798692 3.63864543335968 5.30163907638132 6.47853767796842 6.12172519956647 4.82652036101113 2.86170240527238 2.06588383068575 1.78090810135707 2.28961882271492 3.3164583288833 3.93268083733362 4.48089357529414 4.6417830315412 3.52021832757806 2.51858186682192 1.92275168650711 1.60793398683414 1.9445830876043 2.37813390350952 2.77250253542339 3.30746937727573 3.11904309091858 2.61699482302687 2.09076104618198 1.70508847022715 1.41962567701604 1.63785880346528 1.8776022451125 2.09679855928604 2.24384244196718 2.20027920553398 1.99015422703225 1.73770452071268 1.49056215810445
"22" 1.79126934962008 2.06655886466603 2.43451315470127 2.71903396788581 2.80233507897505 2.68760563638214 2.37510664675019 2.08062565995296 1.82418907023136 2.04035584394502 2.54689373911685 3.14185400871986 3.75948519272953 3.94116421262736 3.64611958592826 3.06382347942027 2.47236810329244 2.07020520306092 2.26418511213168 2.98960290101008 4.03785445510938 6.69996011224617 6.32794953333109 5.69965660599985 3.9456825340838 2.91078541374906 2.33156297665908 2.43968014990057 3.32995221734774 4.79436299089176 7.24913957044575 9.58899331587602 7.18533578358489 4.74933542520026 3.33934124903502 2.55410413043384 2.50394764660502 3.43407635877714 5.13011795511912 8.65496942767514 17.5602989643209 8.48115835975402 5.70409286515223 3.64593155016026 2.67183656039484 2.43511770227009 3.18072937246855 4.57028137140257 6.57234690953753 8.11606780258666 7.72936359386418 6.04882957823845 3.63336184703111 2.64372910125972 2.25003301847085 2.85353771554613 4.00690231296269 4.80223117794727 5.49677888707264 5.7007238267271 4.37595421294488 3.17539304109468 2.44703314452522 2.02744672816243 2.42745985573481 2.94159762197172 3.41351390337809 4.02465180431996 3.83292755449471 3.25592741697673 2.63159588833639 2.16431491435929 1.79127347544621 2.05368871190923 2.3392716281949 2.60620324585613 2.78040539827479 2.7346248015087 2.49013092316925 2.18972428439173 1.8911639197777
"23" 1.9847807720563 2.29827414547653 2.62810988468233 2.97568208195751 3.13161516192429 3.06549280263987 2.78426226783586 2.43474259827943 2.12534756326005 2.25539417691338 2.73015417856329 3.33780533662375 3.99763296229157 4.41131423722676 4.27455514057744 3.59348970007012 2.90389155277555 2.42280680080416 2.48922934902889 3.17997156084233 4.19013594435823 6.32794953333109 7.21891148236048 7.3316727986611 4.76141140291277 3.46821958171096 2.73259109044548 2.6717441838332 3.53478457935665 5.00694216343736 7.6938197377933 11.4235351783599 9.02767240008061 5.69273119133946 3.95680905910104 2.99673229466006 2.73026829031918 3.6565729154161 5.37819414643067 9.1653233082728 19.8406581571876 10.0242949952058 6.70523079205534 4.27478050919485 3.11398971027926 2.65860764050159 3.45550848232973 4.86940760492924 7.0565411727817 8.99038709004486 8.80590619947369 7.03041581945372 4.2122765933824 3.05880904058404 2.46385344184961 3.10567300946478 4.30227712060276 5.22289766956224 6.09001489019244 6.41703332873126 4.99014593462238 3.64197182123848 2.80422708226143 2.22830847742523 2.65861115343467 3.21545661946954 3.74588949720867 4.43613992886509 4.28237716891832 3.67446548263049 2.98371706474378 2.46205062236826 1.9753357927905 2.26312433801345 2.57831250151099 2.8795939700671 3.0840564308635 3.05265664822039 2.79821730624638 2.47246819344365 2.14327107602347
"24" 1.96218748343636 2.30571202726352 2.59484477960656 3.02464358131412 3.27321198520658 3.28884082531499 3.02052997538381 2.62962907958731 2.27555375833599 2.24033178039876 2.68640015390541 3.27336880895025 3.96200662257367 4.6436968015725 4.80278264174763 4.00423351932878 3.11658953805783 2.6090760765486 2.4533418409279 3.08578093804581 3.9940263018401 5.69965660599985 7.3316727986611 11.1639228830843 5.46957257127472 3.81040704123782 2.94252514144283 2.61751724176268 3.40109074991349 4.71130497117557 6.98714561235914 10.6546241284387 10.46313201598 6.30725873714849 4.28762571787444 3.20567904178716 2.64284249654063 3.51684270633483 5.06125330631804 8.38218332698916 18.3628683662028 10.2417286007252 7.1697811174047 4.55316260581733 3.30033455373519 2.58049645318224 3.35714043405925 4.66529002804904 6.74674222451663 8.80012413362163 9.00541305647486 7.44810870043281 4.43051170317729 3.21149412398251 2.4036097345276 3.01378030218202 4.17041826201346 5.09460498498796 6.04506793337756 6.53279155977407 5.16112629248781 3.78657370265386 2.92108535362047 2.1850589655196 2.60043743205839 3.14487844567549 3.6834093235527 4.43561557011463 4.34675493365848 3.76708319952415 3.05197510960005 2.52519495485658 1.94541412381515 2.22896024522297 2.54342618720753 2.85231205126048 3.07536288331241 3.06843438485897 2.83341695080436 2.51517515717356 2.18804935440551
"25" 1.4415793050726 1.66079830422164 1.86940950446724 2.11927923735585 2.25574735304873 2.25060647449313 2.0888281493638 1.85108624707138 1.62718969116825 1.63599444642296 1.94149665909246 2.33212822502682 2.75393452748991 3.11375519931532 3.14151653058993 2.70436925489058 2.22239184523128 1.87253726096337 1.80376878047511 2.25228854217219 2.87186695645628 3.9456825340838 4.76141140291277 5.46957257127472 3.64950246858079 2.70144170738875 2.13946871061399 1.94441982422032 2.51991228124876 3.45165204829263 5.01376440034642 7.27116110133126 6.64664702837639 4.47011387916278 3.15993283130746 2.38853760457172 2.00630999112481 2.65037810471144 3.81437583704284 6.35776711628875 14.2176414355804 8.05659097959355 5.7281076930889 3.54256818726188 2.52983311714934 1.97894438321993 2.57164109452113 3.60342794605943 5.30623112757462 7.06400573591735 7.49351183579509 6.37828291422811 3.57042028938678 2.51473940734485 1.85683635701616 2.3525513612099 3.29941762986748 4.06037602622248 4.92669061974192 5.48438910313984 4.29693356248465 3.06044524474018 2.30592855590791 1.69577798092187 2.03598840688505 2.49419529068683 2.9614640131411 3.6363677928367 3.58688676938612 3.07685396441459 2.46883759622536 2.01254863223279 1.51128390189643 1.74569853226062 2.01135124772317 2.28025823862055 2.48556313641672 2.49076586648439 2.29202711664269 2.01734734301353 1.73799489425568
"26" 1.12804798116771 1.29103034350624 1.44058598188449 1.61755566031556 1.71193850656974 1.70621195976124 1.59851444287292 1.42863966567935 1.26479606185193 1.27704016480724 1.49930084049615 1.78154355896185 2.07936644649668 2.30534180121663 2.31058256062402 2.04210765811092 1.71884612549882 1.45830764834814 1.41163811678937 1.74042647387381 2.1915057509914 2.91078541374906 3.46821958171096 3.81040704123782 2.70144170738875 2.09475809814614 1.67606917863639 1.5281245581951 1.9550816996031 2.66403737677146 3.8008882387753 5.40289577441774 4.82461130565388 3.40018748716048 2.47526778457205 1.89077489636841 1.5785930882809 2.07298803833503 2.98465562007659 4.93108384490849 11.1183821764259 6.38572970020174 4.61823870282899 2.84699276885717 2.02577795808794 1.56402217454112 2.03308079321132 2.85458453746554 4.23154092058827 5.67475776887587 6.1735413726536 5.38644532887931 2.92131110137567 2.03255449416943 1.47730736275129 1.87156446617363 2.62860068099782 3.27338473924655 4.02442931492103 4.58865977311614 3.57884702934341 2.50833028358941 1.87510659685407 1.35251437188257 1.6236495279124 1.99824305318979 2.38716658504432 2.9374062256603 2.96968974433535 2.54049350541278 2.02685859627262 1.63839734846713 1.20673966028617 1.39846513960176 1.61280690763626 1.83765009787027 2.01549127224425 2.03181685281813 1.87559120232541 1.64448687082507 1.412206379121
"27" 0.919788368696371 1.04934250376792 1.16886620187299 1.3009571979446 1.37247094786515 1.36644183017027 1.2830188502708 1.1552783253101 1.02606215361112 1.04109741007178 1.21924970543833 1.43712911579911 1.66790332850582 1.83666496836792 1.83414932527971 1.6310268608778 1.38498097207168 1.18349538320248 1.1526243648883 1.41195561047229 1.77019255750367 2.33156297665908 2.73259109044548 2.94252514144283 2.13946871061399 1.67606917863639 1.36371589760166 1.25073720763951 1.591644124609 2.16313633265487 3.06265145083407 4.26468206796547 3.78337681554399 2.71507150253836 1.99646563350613 1.52829169863777 1.296865217975 1.69550470013191 2.44173134383487 4.02590097524744 8.96660938824761 5.10987562767864 3.75149158046061 2.31986315288286 1.65558813280435 1.28866395266037 1.67695262327119 2.35487614783839 3.49133864569387 4.67533753792236 5.10296208153165 4.48030241306452 2.40417351775547 1.67010216140265 1.22008307092691 1.55011284969761 2.19329647516971 2.72521372189873 3.3537285035897 3.8568228675489 2.98783812244601 2.07923786999905 1.55003506180003 1.11845443891598 1.34625119341081 1.66257337948335 1.99373910298442 2.47755561391519 2.50269201629757 2.12790950111386 1.68643385917711 1.35991297770755 0.998500263600177 1.15945294575973 1.34042432721898 1.53213194562174 1.68667366054206 1.70159843798954 1.56737523904557 1.36930088413465 1.17237134203059
"28" 0.943238091803081 1.06894041072999 1.1852391086216 1.29424672694971 1.33978724961784 1.30981410948156 1.21636024676019 1.08791879323657 0.966612972799532 1.078997494043 1.26426969426335 1.47666847046702 1.68532682336114 1.78902928688274 1.72613187306328 1.51549747977898 1.28881252488076 1.10191283031666 1.21091268177019 1.48922952413286 1.87077031067633 2.43968014990057 2.6717441838332 2.61751724176268 1.94441982422032 1.5281245581951 1.25073720763951 1.33227393642456 1.72240748131286 2.39828459442114 3.32192709403287 4.27264720657295 3.42565999577994 2.41502953743601 1.78900361373325 1.38309367116851 1.39593539333647 1.86466678813142 2.81635977191611 4.73582854359683 9.35792107243756 4.53743008674995 3.09890703887458 2.01971614844839 1.48260331977612 1.38930375248564 1.84677686562781 2.67419338585226 3.91585403828927 4.73033793890307 4.49937706503113 3.55957048354029 2.07478687574392 1.49593450616466 1.30823856813346 1.70034418096509 2.59716672554866 2.99399694945413 3.36927846218455 3.51054152256574 2.61898409397433 1.84781768694411 1.40181898245954 1.18494490010564 1.44469371170136 1.78764449189647 2.08234899224831 2.48028538917713 2.35289564916414 1.95117734225965 1.54300856175721 1.24661436205622 1.04553794770859 1.214514054464 1.39269718574013 1.55922741348522 1.67169080414914 1.63688945073941 1.47744693334331 1.28051845025141 1.09057103596048
