"V1" "V2" "V3" "V4" "V5" "V6" "V7" "V8" "V9" "V10" "V11" "V12" "V13" "V14" "V15" "V16" "V17" "V18" "V19" "V20" "V21" "V22" "V23" "V24" "V25" "V26" "V27" "V28" "V29" "V30" "V31" "V32" "V33" "V34" "V35" "V36" "V37" "V38" "V39" "V40" "V41" "V42" "V43" "V44" "V45" "V46" "V47" "V48" "V49" "V50" "V51" "V52" "V53" "V54" "V55" "V56" "V57" "V58" "V59" "V60" "V61" "V62" "V63" "V64" "V65" "V66" "V67" "V68" "V69" "V70" "V71" "V72" "V73" "V74" "V75" "V76" "V77" "V78" "V79" "V80" "V81"
"1" 0.0651702525005866 0.073559563477534 0.0823638897359339 0.0899120343620427 0.0934109374455755 0.0913348084607403 0.0846007130208267 0.0759401858455079 0.0674164333981431 0.0733902788567626 0.0860960601541528 0.101610102661572 0.117682788337438 0.125645872804315 0.120861655405754 0.105822206145333 0.0898580921618827 0.0765994299601134 0.0817844880159756 0.100440402546325 0.127748870248358 0.17434374654017 0.190292890131268 0.183731591631209 0.136079778391585 0.106134872530981 0.0862457944391039 0.0888588945351288 0.114108217174101 0.157848355891515 0.226954009540731 0.312247985232444 0.245641715540807 0.166789074593058 0.122139138547255 0.094927414067967 0.0926356969568908 0.121875872570435 0.178705588944429 0.287522657249058 0.875225817312698 0.310084945008905 0.198749883764826 0.135091574520749 0.100699577184017 0.0918592893946562 0.120385504073465 0.172764994422889 0.258325855706602 0.334021869643238 0.322120722676118 0.236746563985112 0.138854488648579 0.101215046221345 0.0867632949936891 0.110624589129708 0.157516193786268 0.2013967065973 0.234025651888727 0.246721517294638 0.181930707786883 0.125569725334736 0.0953627459265273 0.078856240366428 0.0953464138257394 0.116991888005771 0.139206286092231 0.167365290325922 0.153011488767744 0.130061240859098 0.104904751398796 0.0854799491625886 0.0702583219674427 0.0810451163992768 0.0930533679106831 0.104490375035186 0.112380538524755 0.109416119740153 0.0993541103325707 0.0868070185312798 0.0749309729607412
"2" 0.073559563477534 0.0840599754427821 0.0943438069445898 0.103271264236103 0.107527723592822 0.105213952602463 0.0973272091263527 0.0871473640891276 0.0771786519786169 0.0836351887585817 0.0983340891651922 0.116470223764259 0.135551874947893 0.145314657290521 0.140072236258151 0.122220234191587 0.103258706281737 0.0877001535179448 0.0930599204776836 0.114526291179315 0.146300410844439 0.20197972467532 0.221303050632183 0.216117779038193 0.157851027151024 0.121933308089966 0.0986366964419884 0.100874225014357 0.129669032656528 0.179769737954935 0.259959301502433 0.360287358603087 0.286378271189322 0.192213222037889 0.139727345913845 0.108261320540427 0.10486710331297 0.137888056182116 0.202049629774508 0.325300540406187 0.990916647308085 0.351920142309188 0.225664916252143 0.153447559559979 0.114391910062551 0.102951929732719 0.135595536335011 0.193736827335008 0.288825875408607 0.374196720706209 0.360737858075394 0.265717499667627 0.156756659171713 0.11455595708312 0.0970828489003138 0.12425877259504 0.175514887039859 0.224205598165728 0.260820972645568 0.274841826449617 0.203654001011268 0.141334933599388 0.107673169352924 0.088176400413443 0.106400784156639 0.13022052799439 0.155556015592966 0.186124545211682 0.170973535548625 0.145825001326888 0.118013623274438 0.0956272164155775 0.0785589938705565 0.090497190430645 0.103755480204167 0.116354683226419 0.125006978527796 0.121840906042033 0.110817612956302 0.0969704389376553 0.0838124606738961
"3" 0.0823638897359339 0.0943438069445898 0.106143369792995 0.116429369076416 0.121382863257147 0.118754388417831 0.10969993767618 0.0980391784222566 0.0866742147396004 0.093656619926757 0.11035211508097 0.13116119339288 0.153326177191278 0.164720703616319 0.158732953251006 0.138068924520995 0.116244780771006 0.0984871072545486 0.104063447781457 0.128325701467515 0.164676153914805 0.230302056331975 0.252345910382437 0.247080073035462 0.178659384565413 0.137214106057382 0.110679447929905 0.112548451469855 0.144789298767077 0.201105518113301 0.292850814135393 0.409275234804105 0.325374193014451 0.216675819826648 0.156815044245503 0.121252982940797 0.116692966372426 0.153302710134326 0.224266772796597 0.361532323851873 1.10737661089759 0.393682328402767 0.252255687517596 0.171451641301386 0.127785256762944 0.114213565741958 0.150150572260653 0.213567572349055 0.317681228508952 0.413280134257409 0.399056721749998 0.29481830243834 0.174414366712756 0.127639817810423 0.107535631013094 0.137275702228984 0.192324472177307 0.245654612112034 0.286597527019503 0.302459463539328 0.225133930634401 0.156853074667579 0.119746072763597 0.0976268230046746 0.117527343179198 0.143428742551955 0.17118889569436 0.204125602856041 0.188465181493584 0.161269237575249 0.130863673446161 0.106168678100497 0.0869983219906076 0.100068394269427 0.11455961829644 0.128329105677833 0.137784093978037 0.134505481823639 0.122587352872022 0.107461821535951 0.0930152369938902
"4" 0.0899120343620427 0.103271264236103 0.116429369076416 0.128073078479571 0.133835671514792 0.13109056353134 0.12101251229836 0.107964513777762 0.0952827809895643 0.102250953261139 0.120676022294744 0.143854949589991 0.168913446154756 0.182301117747404 0.176130229280141 0.152819207064466 0.128186705613959 0.108310259236158 0.113409262429011 0.140011286286695 0.180237317328509 0.25427386590622 0.280645838861032 0.277807029170681 0.198434870358035 0.151345839277816 0.121665428435579 0.122362457581741 0.157359664825203 0.218547663221662 0.320246179393292 0.453149347555622 0.362877203234965 0.239656630323096 0.172542303474866 0.133072997642926 0.126559029318938 0.165944775905566 0.241812155326193 0.38999760782371 1.20324603989973 0.431262868686791 0.276640045520597 0.187850449550722 0.139899312206758 0.123518571835717 0.162059674756567 0.229375512909111 0.340606262105698 0.446255965434501 0.433148960184859 0.321524481890616 0.190351621155192 0.139391650180785 0.116190323196356 0.14797132163389 0.205652094154477 0.262850176966853 0.308182894700471 0.326621647484959 0.244290555286983 0.170701272738992 0.130509607273522 0.105494483781197 0.126718832277953 0.154266459495705 0.184174720193117 0.219260873397135 0.203589067392295 0.17482792441122 0.142214973056541 0.115443298778522 0.0940693752386727 0.108062952626156 0.123579508542763 0.138372742679556 0.148600347266666 0.145367484396732 0.132788778807522 0.116611665642953 0.101067300623783
"5" 0.0934109374455755 0.107527723592822 0.121382863257147 0.133835671514792 0.142914935576067 0.140589342091 0.130114379467996 0.116186286199771 0.100868348168672 0.106252430321588 0.1254159845527 0.152007331799295 0.178888297078497 0.194632560729213 0.189721971750918 0.165033748457234 0.138391455851701 0.11683088593798 0.117649860064883 0.145143895444636 0.189440118185993 0.265875082639032 0.299157814744487 0.303463104438887 0.215690166519063 0.164041941212861 0.131588071129837 0.126726606491017 0.165143776081397 0.228331268809002 0.334748709253651 0.480303172359745 0.394332879896641 0.261814912122402 0.187916725903594 0.144331038242756 0.130914949933912 0.173796851836861 0.251480609685061 0.404594929055617 1.25123008103722 0.466876768053336 0.309624701493522 0.205951736768966 0.152065828102775 0.127548160449848 0.169705115525665 0.238882641750164 0.354173650988322 0.468917944772605 0.46674980113995 0.360158078041661 0.208777782793525 0.151413470641708 0.120013363598935 0.15422906339144 0.214039676689696 0.274105277389187 0.324293391919077 0.348167781845662 0.264250185309566 0.185189767393158 0.14120093551995 0.109058985195532 0.132302752497624 0.161845257341391 0.193657501508591 0.230993834208569 0.216651032328719 0.187490454942475 0.15310003435324 0.124234591333463 0.0973506390270343 0.111769419053557 0.129369894514752 0.146005592202798 0.157209856352416 0.154531085645492 0.141817651618478 0.124912738845442 0.10840285836757
"6" 0.0913348084607403 0.105213952602463 0.118754388417831 0.13109056353134 0.140589342091 0.13881461271834 0.128736313808173 0.115048194525823 0.0997961470863386 0.103900088337738 0.122474599738987 0.148402793162356 0.174618469043319 0.191205501238798 0.187835647979286 0.163750816482189 0.137294109004515 0.115860144389699 0.114933777742752 0.141478080728251 0.184172609832653 0.255474139993282 0.292864734915425 0.303713924418951 0.214932191186682 0.163077253946089 0.130672334433904 0.123752461114623 0.161030295475019 0.221613157625634 0.324007373476984 0.468989729667747 0.392998221486324 0.261135981481672 0.187118405835435 0.143508003575968 0.127894066905158 0.169574326431164 0.24419498288148 0.392335016803704 1.21973369443152 0.464231011272528 0.309996798020574 0.205513303510831 0.151370350123011 0.124619692707423 0.165903702178541 0.233070695594304 0.346005397234191 0.462410269614879 0.466484693747481 0.363418345298754 0.208674614211792 0.150804390594951 0.117424626590605 0.151019076556512 0.209237736579726 0.26877512519588 0.320519637954898 0.347677625941472 0.264535192032265 0.184797033539311 0.140554914926303 0.106861404366371 0.129736635078171 0.158869346681532 0.190710547655516 0.228529550663064 0.215271079726798 0.186670594085474 0.152368923793656 0.123408311357194 0.0955086765248238 0.109698701811503 0.127206452457769 0.143911000927282 0.155358173284859 0.153076842110108 0.140685779672598 0.123954664471468 0.107534919945908
"7" 0.0846007130208267 0.0973272091263527 0.10969993767618 0.12101251229836 0.130114379467996 0.128736313808173 0.119705300933506 0.107207321003233 0.0930294180172921 0.0961964112058018 0.113157114061697 0.136944562230784 0.160722938926002 0.176294081035254 0.173901664198924 0.152223344648239 0.128034373503802 0.108264247446314 0.106414080582017 0.130645247003475 0.169530582707297 0.232257654762496 0.268402415367293 0.280598180640828 0.20001705882611 0.152389399147378 0.122342780006701 0.114672568672943 0.1490578500616 0.20421394090151 0.297037196260249 0.429820002809017 0.364597090950791 0.244328868983785 0.17561782147264 0.134765320309859 0.118702891728287 0.157350993420057 0.22584261238757 0.362251844720043 1.12911136439328 0.437052579019022 0.293978900846899 0.194193301059391 0.142667218772347 0.115905340633487 0.154471184652487 0.21703469274004 0.323019221911528 0.435056657841728 0.445016512284908 0.350041543471776 0.198276277454413 0.142538653496811 0.109433449173147 0.140956272503442 0.195622971396132 0.252216198245977 0.303089292212568 0.332438668657277 0.252984706492523 0.175590179746552 0.132965998807307 0.0997488485672927 0.121350663745994 0.148949907144808 0.179415522754695 0.216472457241228 0.204409600643538 0.177323416652207 0.144414394212566 0.116689515878687 0.0892525380258412 0.10263286764122 0.119348514852973 0.135443191375962 0.146680899736397 0.144795615130636 0.133137816310352 0.117215809807275 0.101553400812066
"8" 0.0759401858455079 0.0871473640891276 0.0980391784222566 0.107964513777762 0.116186286199771 0.115048194525823 0.107207321003233 0.096293318239076 0.0836473716947945 0.0862756875299868 0.101269347428459 0.122361239720412 0.14309920714494 0.156714740224653 0.154735142130854 0.136055808740603 0.114974939907776 0.0975305196984745 0.0954969621236631 0.116960301581701 0.151330700337117 0.205212594769467 0.237081488386011 0.247190575497323 0.178549454629759 0.137066541290118 0.110426527431553 0.10304983440757 0.133855667393859 0.18271904548667 0.264327688659741 0.380411174002914 0.323931418148944 0.2196645149832 0.158784932111933 0.122070060331291 0.106891253187617 0.141735123708839 0.203023140733425 0.325107544480895 1.01312859947988 0.396999862560456 0.268757111221025 0.177061034355894 0.129815706292634 0.104687897407722 0.13965924674895 0.196477708445306 0.293238021181788 0.397093888952361 0.410912389558622 0.325713172945659 0.182058803995092 0.130190759660746 0.0990435584374363 0.127774357140268 0.177914911009264 0.230178729983601 0.278351223305031 0.308307548037751 0.234297674209697 0.161418602868346 0.121647561349265 0.090408387729723 0.110256522474304 0.135694626611235 0.163932239454383 0.199260372032661 0.188270796804903 0.163200342453067 0.132507108433929 0.106832833279054 0.0809661561534634 0.0932378302927493 0.108739902526622 0.123773323567191 0.134452510081264 0.13287921308007 0.122149074637178 0.107399982271937 0.092888695629674
"9" 0.0674164333981431 0.0771786519786169 0.0866742147396004 0.0952827809895643 0.100868348168672 0.0997961470863386 0.0930294180172921 0.0836473716947945 0.0742441551216668 0.076529203057559 0.0896686884419481 0.106589051134674 0.124269292174357 0.135686515284399 0.133729616260456 0.117745232372143 0.0997440535665529 0.084791637274097 0.0847679511987198 0.10362243302546 0.131932835838101 0.177781418920497 0.204598440460534 0.211791755821778 0.154013519795979 0.118774228209675 0.095984574784436 0.0915944460717809 0.117267148842175 0.159835351482993 0.23041798181425 0.329613049818047 0.278708697270264 0.189208316677832 0.13756717686496 0.106179951045611 0.0951861290009849 0.124542539620475 0.178451682316647 0.285792360072312 0.893220110748035 0.344328884488379 0.228528054781131 0.15374159938141 0.11316940071696 0.0934876688433846 0.123099844631829 0.173688896252276 0.260090816953866 0.352661626685268 0.363120636902468 0.286196140423146 0.159353333170117 0.113925790305767 0.0885977908792703 0.113669300604843 0.157903688928104 0.204823557130625 0.248367347092759 0.276205955855552 0.208163379794104 0.142208434940821 0.106830028500091 0.0809640586057665 0.0982185460692613 0.120261733553663 0.145617452343965 0.178199011104356 0.167682058355281 0.144723070951197 0.116958162366361 0.0940730511761422 0.0725529236210704 0.0836581572233783 0.0970264064331848 0.109779315969139 0.119471083958122 0.117944109214426 0.108158576986387 0.0948506519506037 0.0818571598073283
"10" 0.0733902788567626 0.0836351887585817 0.093656619926757 0.102250953261139 0.106252430321588 0.103900088337738 0.0961964112058018 0.0862756875299868 0.076529203057559 0.0834643075797065 0.0979285709738678 0.115586556049754 0.133870871188004 0.143011301205405 0.137692843409847 0.120455322031424 0.102106358738803 0.0869315642626953 0.0930338782633904 0.114316199609241 0.145427244335062 0.198295779734675 0.216552306012551 0.210165545973063 0.155130329601236 0.120546079010147 0.0978053127184162 0.101114426243421 0.129987541245798 0.180111487981912 0.258471871086839 0.353974475627801 0.280290333337347 0.1895321486862 0.138406895028653 0.107489604595279 0.10541530482411 0.138877054990344 0.204251709755853 0.328363051106718 0.99050629105603 0.349567264622589 0.223973174125145 0.152502961453724 0.113804775523615 0.103805257557811 0.137087402261736 0.197017782145338 0.29412036081836 0.37746554474781 0.361358670244887 0.264663489535433 0.156289688652335 0.114213150421381 0.0980005712010363 0.12585073841842 0.17960163874144 0.228987260214937 0.26434008737758 0.276723986540954 0.204034271338645 0.141311784892088 0.107556257723461 0.0889968754070218 0.107674058916519 0.13215623157976 0.157765194897692 0.188843043906356 0.172308587614538 0.146394735420091 0.118208019362854 0.0957339643406417 0.0792245877385521 0.0913955163375352 0.104898593068207 0.117649681561754 0.126300097152631 0.122778047756719 0.11138229988763 0.0972873688597045 0.083983139937553
"11" 0.0860960601541528 0.0983340891651922 0.11035211508097 0.120676022294744 0.1254159845527 0.122474599738987 0.113157114061697 0.101269347428459 0.0896686884419481 0.0979285709738678 0.115219780195426 0.136501021253648 0.158739293573189 0.169556991973961 0.162787282497331 0.141869870622786 0.119857192175054 0.101809529042897 0.109072524256866 0.134415467582844 0.171967608861711 0.23808613964482 0.258472480895091 0.249681651192796 0.182787927319537 0.141353441140768 0.114401916776696 0.11831514578876 0.152442095238962 0.212140365580445 0.306593101069684 0.421516962947357 0.331509133658103 0.222414638248744 0.161791028318041 0.125446817268752 0.122994085443756 0.162131944083011 0.2388865295596 0.38498123649043 1.16402474542225 0.407846274202055 0.260487334952577 0.177376561817417 0.132420893302285 0.120694893082805 0.159148851352598 0.22778984107988 0.33906900697116 0.435742392471034 0.415799454973023 0.304557836228247 0.180887401898534 0.132516889883967 0.113669069720651 0.145541095022668 0.205868164019093 0.262229552968607 0.302871341909485 0.316359866967951 0.23428569377799 0.163155486016644 0.124561193257662 0.103105481493383 0.124414466483787 0.152170194315182 0.181247967334673 0.215581940910201 0.19766587015754 0.168468263254908 0.136464940118326 0.110745387821042 0.0917570579023302 0.105658155956527 0.121018036117685 0.135452070707021 0.145145305948981 0.141243569532712 0.12837902355979 0.112349363714575 0.0971524885023297
"12" 0.101610102661572 0.116470223764259 0.13116119339288 0.143854949589991 0.152007331799295 0.148402793162356 0.136944562230784 0.122361239720412 0.106589051134674 0.115586556049754 0.136501021253648 0.164982105808121 0.193148173305822 0.206612830799531 0.198052602815297 0.172143841398369 0.145036413091214 0.122917758091752 0.128493280103463 0.15896257369028 0.207705552474728 0.294385655337908 0.317378012750815 0.305867464741104 0.222383762891388 0.171261694681717 0.138193205207399 0.138905395034279 0.181675696318575 0.253506942006363 0.370139341762466 0.512967010943287 0.404024700921002 0.270895283755387 0.196229503667398 0.151543855396231 0.143781358427938 0.191848287600517 0.281766031179257 0.454135830868449 1.37450589332227 0.491508850457895 0.321823260816712 0.215411368406063 0.159822357734222 0.140432184438992 0.187111645542833 0.265667734272851 0.393487519866861 0.508927665356726 0.492300454559457 0.372069515978276 0.218744385913071 0.159439718596487 0.131889073331953 0.169672543514342 0.237901059691968 0.302821049964892 0.351515412694085 0.369017636621241 0.277688417187044 0.195105100896129 0.149143075939102 0.119505250993442 0.145094055814606 0.17755618537203 0.211116183751862 0.249734386856348 0.231488751635231 0.199020003574447 0.162244932862878 0.132011329956476 0.106355324068258 0.12217203779541 0.141086243722991 0.158564186789508 0.169845289961516 0.165947637151079 0.151607597129392 0.133236840279304 0.115541673731146
"13" 0.117682788337438 0.135551874947893 0.153326177191278 0.168913446154756 0.178888297078497 0.174618469043319 0.160722938926002 0.14309920714494 0.124269292174357 0.133870871188004 0.158739293573189 0.193148173305822 0.229229023330984 0.246210049670539 0.235941454765304 0.20396349690713 0.170805141751597 0.143284590170709 0.148360284712211 0.184187981447809 0.243918879606438 0.354695428825993 0.382183948944262 0.370339692347071 0.264413311711562 0.20156971117329 0.161841044883341 0.159641210437518 0.210007793451157 0.293399255291335 0.434025508635693 0.610963029030155 0.48306231062812 0.319722370472597 0.229883319232325 0.17692300641871 0.165401078770367 0.220009388057539 0.32087238845238 0.51691361338715 1.57523891875374 0.57127351641875 0.374342158137481 0.250468695667165 0.185779801722356 0.160753746747046 0.213381953175839 0.300387331795482 0.443288742050118 0.581683671237564 0.566745755739636 0.427462776285931 0.252618691603119 0.184560277918385 0.150679346717442 0.192969329427131 0.266981894627317 0.340036320191529 0.398085530176709 0.419487645513068 0.317517518675523 0.224433208113036 0.172121543664976 0.135585398579366 0.165094588567156 0.201186731829545 0.239146215909266 0.281853918306127 0.2635087745787 0.227693443418761 0.18638278544301 0.151900079501818 0.120746314862377 0.139347240930325 0.160582331549348 0.180302593233429 0.193090838888884 0.18921047055154 0.173439396502237 0.152852711362305 0.132851287230175
"14" 0.125645872804315 0.145314657290521 0.164720703616319 0.182301117747404 0.194632560729213 0.191205501238798 0.176294081035254 0.156714740224653 0.135686515284399 0.143011301205405 0.169556991973961 0.206612830799531 0.246210049670539 0.270083834207303 0.262688214466446 0.225546558124349 0.187776008029853 0.156830664891665 0.158024078766045 0.19584996954699 0.258893728682005 0.373980291590202 0.4196639580199 0.425969955843814 0.297282246542701 0.223701371405492 0.17719535191025 0.169574014378696 0.222500710372258 0.310965629247359 0.461164421700232 0.669205099532486 0.547080826764558 0.357560563857165 0.254533805339883 0.194873065308944 0.175365180558853 0.232442334722091 0.338107447690536 0.54430674480833 1.67746387882072 0.629529892405456 0.413782499941566 0.275832445184861 0.204026543458922 0.169908879398185 0.225335805246694 0.317326944741147 0.468107850790066 0.624686364606973 0.618816813390834 0.469315578082549 0.276728552727049 0.201992764975751 0.159343810749428 0.203871358694371 0.281607658337569 0.359611382405981 0.425393297779682 0.452764688842158 0.345181350912805 0.244649015495492 0.187772271119855 0.143578994390999 0.174551391263459 0.212407828852457 0.255123342866078 0.301054259685492 0.283915987387444 0.246638592812372 0.202500532445008 0.163572911105886 0.128080157913237 0.147663334850273 0.170201075958856 0.191360590999532 0.206906417645956 0.203526970284792 0.187219637872347 0.164071848850432 0.142813774604512
"15" 0.120861655405754 0.140072236258151 0.158732953251006 0.176130229280141 0.189721971750918 0.187835647979286 0.173901664198924 0.154735142130854 0.133729616260456 0.137692843409847 0.162787282497331 0.198052602815297 0.235941454765304 0.262688214466446 0.260027742931462 0.224030904640838 0.186167678538312 0.155192166115942 0.15188490716996 0.187385357081896 0.246108331246128 0.34607995598689 0.405162315813307 0.433292657289776 0.298173129179359 0.222642018463665 0.17573419347266 0.162915246065437 0.21314059107369 0.295385037594374 0.434822120918129 0.641742384642972 0.548955348539212 0.358250362527032 0.253678425559578 0.193546972832681 0.168703674609519 0.223099080408875 0.322156275758582 0.51725993493128 1.60560545795039 0.623928549417119 0.414932868514314 0.275219670423775 0.202785010525406 0.163414023154995 0.217129258000815 0.305074637919118 0.451015307675782 0.610201222000892 0.617089007628862 0.475032338898427 0.276390565392176 0.200755704631048 0.153653836552924 0.197051437393254 0.271886068159477 0.348756645663829 0.417285262402933 0.450904080101754 0.345138205641479 0.243612002028256 0.186367533239825 0.138757587871528 0.168966858650236 0.206019244078159 0.248935209373722 0.295801211233467 0.280731066195009 0.244643200240233 0.200809119214943 0.161617011290238 0.124032407538163 0.143141705057422 0.165470146527722 0.186755360847047 0.202783991912726 0.200192661388458 0.184564039739754 0.161814051325272 0.140797666483608
"16" 0.105822206145333 0.122220234191587 0.138068924520995 0.152819207064466 0.165033748457234 0.163750816482189 0.152223344648239 0.136055808740603 0.117745232372143 0.120455322031424 0.141869870622786 0.172143841398369 0.20396349690713 0.225546558124349 0.224030904640838 0.195705977193595 0.163820623136079 0.137172702375905 0.132986950895961 0.163360569801594 0.213504394567285 0.292649628902408 0.344282459845964 0.368964493331394 0.258632328880367 0.195126593980357 0.155928795612658 0.142969454075204 0.186925180764248 0.255752378055225 0.373045920986936 0.546993700373709 0.47335843073735 0.314154764297134 0.224167539714429 0.171416115718746 0.148634169154753 0.196692563773089 0.281220469459143 0.450756030511543 1.40830818379166 0.554512359048368 0.373804966161001 0.246466019349531 0.180886192032914 0.144632433634149 0.192631840387017 0.269334723652109 0.40010836932073 0.545410422040364 0.561645457311538 0.440857881882554 0.250288163254033 0.180129776092162 0.136463982348872 0.175537413772974 0.241806599442416 0.311964298376432 0.377124986892028 0.414386011011104 0.316714915093171 0.220848671561269 0.167606199975568 0.123482176616263 0.151055654279428 0.185046228135258 0.223050890198917 0.268049063636671 0.254929128897393 0.222016844243862 0.181378785722804 0.146596559283961 0.110548669366786 0.127939363692216 0.148630950749424 0.168629239577149 0.18256798639622 0.180638644535589 0.16652388939067 0.146912410150963 0.127482016693202
"17" 0.0898580921618827 0.103258706281737 0.116244780771006 0.128186705613959 0.138391455851701 0.137294109004515 0.128034373503802 0.114974939907776 0.0997440535665529 0.102106358738803 0.119857192175054 0.145036413091214 0.170805141751597 0.187776008029853 0.186167678538312 0.163820623136079 0.138365405162944 0.116505453783975 0.11290584440583 0.138222851569242 0.179996569674364 0.243351882408082 0.283816100324205 0.299492050325423 0.21558897521295 0.165145124008851 0.132895441075529 0.121711465122315 0.159126056715874 0.216738287225329 0.313512437635872 0.453836205265616 0.391409920066347 0.265344014598886 0.191458805959285 0.14698347098249 0.127042560981864 0.168329902039826 0.24033359215179 0.384530195486809 1.20046323749603 0.478709157176589 0.325342241881497 0.213642187983086 0.156343062743525 0.124312995827119 0.165817932179773 0.232585356899087 0.347180477948201 0.476528950965823 0.498291745316685 0.395042824873865 0.219619697796825 0.156740252601351 0.117648720970197 0.151692708133147 0.210319806995747 0.2727548607084 0.332494526232622 0.370231941972689 0.282017008352311 0.194294352848367 0.146308446943391 0.106623067021438 0.131023544248174 0.161215095811189 0.1950626395017 0.236970210936476 0.225356003878538 0.195871587447487 0.159174576421847 0.128260862213894 0.0955559301061597 0.110898985413853 0.129419631691368 0.147478289740713 0.160358998131984 0.158863999745536 0.146314892274459 0.128768268952626 0.111406550102222
"18" 0.0765994299601134 0.0877001535179448 0.0984871072545486 0.108310259236158 0.11683088593798 0.115860144389699 0.108264247446314 0.0975305196984745 0.084791637274097 0.0869315642626953 0.101809529042897 0.122917758091752 0.143284590170709 0.156830664891665 0.155192166115942 0.137172702375905 0.116505453783975 0.0991659695244915 0.0962405733422044 0.117550201640329 0.151722447488023 0.203520614256767 0.235590187651547 0.245685056821534 0.179931144770194 0.13921177317779 0.112546209280305 0.103953351686565 0.134955265610136 0.183370176561763 0.263828273302154 0.378263873821901 0.324709629896522 0.223204646305868 0.162282936385456 0.124940248802441 0.108020791783278 0.143264786138583 0.204480992040626 0.326710605603967 1.01869865541747 0.407509710400353 0.278635126772745 0.182769658289924 0.133566372498528 0.10609330362085 0.141670184806526 0.199257704660549 0.298145222860565 0.407511201542683 0.429344731238298 0.345124321886399 0.189419634330904 0.134500553004041 0.100595706555251 0.12994876659774 0.181159481213511 0.235424138798175 0.287480887314021 0.323097044872317 0.24581797004356 0.16795270517357 0.125835177813873 0.0919953505062409 0.112476971002793 0.138784997318164 0.168276778269001 0.206169533412665 0.195590568724592 0.169709399177474 0.137410246316981 0.11050218836363 0.0824994554822382 0.0951280947638909 0.111339794717739 0.127205744192179 0.138713765678993 0.137446021681958 0.126456051508423 0.11109398767384 0.0959237627033418
"19" 0.0817844880159756 0.0930599204776836 0.104063447781457 0.113409262429011 0.117649860064883 0.114933777742752 0.106414080582017 0.0954969621236631 0.0847679511987198 0.0930338782633904 0.109072524256866 0.128493280103463 0.148360284712211 0.158024078766045 0.15188490716996 0.132986950895961 0.11290584440583 0.0962405733422044 0.103875841881243 0.127580357525298 0.16198904279703 0.219349880437891 0.238589193586596 0.230176184258146 0.170887424984697 0.133211114237398 0.108252802227953 0.113091763565821 0.145531694871134 0.201896151926481 0.288333422757453 0.391088562715369 0.308089828486954 0.209023540286006 0.15300151010436 0.118992417614852 0.118091097547446 0.155916594569629 0.23033354585114 0.370061149917238 1.10598508959237 0.386984388681692 0.247432879204369 0.168701860252031 0.126042374623383 0.116452527485268 0.154125908125878 0.2224256975737 0.332010587886008 0.422090879405786 0.400642169171258 0.291870892953399 0.173002166446841 0.126579429343606 0.109950179400732 0.141509432757576 0.20330273881499 0.258498463239617 0.295952954945949 0.307347297373371 0.226017250332109 0.156661716777556 0.119313868251986 0.0997787553660767 0.120898840053648 0.148580405304614 0.177039682597059 0.211192887953186 0.191904122495294 0.16267767419403 0.131275166080676 0.106360663855161 0.0887332472446569 0.102426280659517 0.117568381155136 0.131727166609143 0.141147358269457 0.136916961742973 0.124008925479875 0.108224605499998 0.0933909300409929
"20" 0.100440402546325 0.114526291179315 0.128325701467515 0.140011286286695 0.145143895444636 0.141478080728251 0.130645247003475 0.116960301581701 0.10362243302546 0.114316199609241 0.134415467582844 0.15896257369028 0.184187981447809 0.19584996954699 0.187385357081896 0.163360569801594 0.138222851569242 0.117550201640329 0.127580357525298 0.157306372678212 0.200988937733764 0.276374316619263 0.297796118026069 0.284630268060544 0.209792028636807 0.162820400449151 0.132004967874214 0.138687416462221 0.179145505036004 0.250251395089992 0.359709046288053 0.487820502067945 0.37970335968408 0.255501385792758 0.186331369095522 0.144712228466656 0.144366282353663 0.191024630554574 0.283836457904031 0.457626609759994 1.36513473043343 0.470782704184071 0.299450056953896 0.204265005743674 0.15275538180974 0.141770992340459 0.187408046963731 0.269372456328827 0.400510385589466 0.508507700398133 0.479122032232132 0.348379839158597 0.208254463741899 0.152905739024124 0.133396274936396 0.171095942029617 0.243248888796198 0.308770758905975 0.35303220865863 0.364679999296672 0.269455756553318 0.188113243167858 0.143844902039062 0.120824478411291 0.145944260226944 0.178577108971308 0.212020885906405 0.250602430971295 0.228886093647019 0.194676458837756 0.157699286767309 0.128130330416272 0.107365937886735 0.12365163420267 0.141543648163679 0.15811799281824 0.168925312467173 0.163974683822046 0.148806612089775 0.130149442523386 0.11254239966888
"21" 0.127748870248358 0.146300410844439 0.164676153914805 0.180237317328509 0.189440118185993 0.184172609832653 0.169530582707297 0.151330700337117 0.131932835838101 0.145427244335062 0.171967608861711 0.207705552474728 0.243918879606438 0.258893728682005 0.246108331246128 0.213504394567285 0.179996569674364 0.151722447488023 0.16198904279703 0.200988937733764 0.264397396833214 0.376600710226013 0.398117513177342 0.374819096017558 0.274359145680883 0.212019612658162 0.171349994404758 0.175345325749127 0.23139476292114 0.325364516530906 0.474182544163145 0.645469965799137 0.497581673674919 0.333967057189342 0.242496944292187 0.187632049951528 0.182496007380399 0.244387313091743 0.363079352621199 0.586448915399114 1.74399545091678 0.609113067073162 0.395325446015471 0.265565940907575 0.197619312847728 0.178068199706727 0.237306154023005 0.337675130662767 0.498689835008404 0.640219494019738 0.609473939560369 0.452075411935876 0.269058480537928 0.196997157419876 0.166796254312775 0.214311169745053 0.300197456388312 0.380761489019682 0.438427812385728 0.453582321879142 0.340311647222606 0.240364727424577 0.184375841608712 0.149766843752564 0.182799886083134 0.223220843903852 0.264164767274203 0.309398332672818 0.286239911119672 0.24571357775543 0.200540110128989 0.163589589948918 0.133016954698107 0.153723525391615 0.17703044137177 0.198236882883371 0.211442846692885 0.206093679855466 0.188071272036946 0.16528122159579 0.143424976252996
"22" 0.17434374654017 0.20197972467532 0.230302056331975 0.25427386590622 0.265875082639032 0.255474139993282 0.232257654762496 0.205212594769467 0.177781418920497 0.198295779734675 0.23808613964482 0.294385655337908 0.354695428825993 0.373980291590202 0.34607995598689 0.292649628902408 0.243351882408082 0.203520614256767 0.219349880437891 0.276374316619263 0.376600710226013 0.606604034296712 0.594825620790474 0.529223201895358 0.376526710739829 0.286554057645739 0.22822538247212 0.234396879116675 0.31058001968474 0.444486499104244 0.675176644909762 0.913258332239033 0.684478804772237 0.449817299340262 0.323465444681518 0.249335152653655 0.240177478863813 0.319730443270561 0.470481112300624 0.754368467687357 2.23539977288458 0.797181041803381 0.515820539528239 0.347966276363979 0.259780724144928 0.231293845823118 0.304859888334826 0.427757994522042 0.622351567917438 0.80560254027459 0.76880254568922 0.571257014685284 0.347046209124996 0.256500956596989 0.214992731379281 0.272728295909532 0.373408407144767 0.470616465508002 0.54388178789726 0.562488659340624 0.428512952133823 0.307942659219702 0.238672253987803 0.192599869611087 0.23246554833671 0.280467557519808 0.331825216696807 0.383908586523768 0.359440666385302 0.31159906343792 0.256939317957554 0.209535549536616 0.171046310597799 0.196200378195961 0.224234616696149 0.249631689471788 0.267123479892408 0.261221878099408 0.239798681267121 0.210514000262046 0.18375794061801
"23" 0.190292890131268 0.221303050632183 0.252345910382437 0.280645838861032 0.299157814744487 0.292864734915425 0.268402415367293 0.237081488386011 0.204598440460534 0.216552306012551 0.258472480895091 0.317378012750815 0.382183948944262 0.4196639580199 0.405162315813307 0.344282459845964 0.283816100324205 0.235590187651547 0.238589193586596 0.297796118026069 0.398117513177342 0.594825620790474 0.672416976004763 0.670998476278717 0.455288507493093 0.336624807280162 0.264855512126134 0.254590935151623 0.334580227335841 0.47134608260249 0.723296213855247 1.08074935772927 0.857755050272194 0.545728043427746 0.380743675260331 0.288883714730909 0.261158519294511 0.3454089693161 0.50768754007302 0.82045625574333 2.54581832741609 0.944113168745062 0.611156195049726 0.405643890923432 0.30111206131099 0.251008613461603 0.330928768279974 0.463436183141477 0.68326618057651 0.910364901157843 0.891762893642416 0.66624147378529 0.400738961616015 0.295589053280034 0.234081689619774 0.297168390844929 0.405137238562315 0.513885445241383 0.609913782914736 0.637601581222499 0.489379420146977 0.352762042581536 0.273549397514215 0.210436999253617 0.253720610301389 0.307734840424029 0.36694191222045 0.426290313299378 0.404714551922857 0.353550009401152 0.29267110037822 0.238003154974712 0.187516286194872 0.215018609131447 0.246090962854373 0.276611237298428 0.297372491897696 0.292678321703849 0.270112794586409 0.237880176059085 0.206618583115838
"24" 0.183731591631209 0.216117779038193 0.247080073035462 0.277807029170681 0.303463104438887 0.303713924418951 0.280598180640828 0.247190575497323 0.211791755821778 0.210165545973063 0.249681651192796 0.305867464741104 0.370339692347071 0.425969955843814 0.433292657289776 0.368964493331394 0.299492050325423 0.245685056821534 0.230176184258146 0.284630268060544 0.374819096017558 0.529223201895358 0.670998476278717 0.799121951074152 0.506716727123949 0.357735188396941 0.276744887540343 0.244811562072009 0.319033960371651 0.440961507609934 0.662627691694272 1.02645304562048 0.947737376427086 0.595290053846658 0.405630663052986 0.300696864933695 0.251234676116438 0.329861891081702 0.477077928217092 0.761558404963273 2.35418577526113 0.979858101086547 0.648397387972702 0.426670080633916 0.311194468227563 0.239927029354565 0.317997243240202 0.442234407324626 0.651309765365498 0.890818001703514 0.910561926096415 0.700255132270933 0.417086783053392 0.303312021777505 0.224751625046327 0.287200002265701 0.390058666840891 0.496979692632887 0.603578156507956 0.647131489684185 0.503282566134297 0.363353921407157 0.278912205760962 0.202922725409948 0.244845532619905 0.297632624039958 0.359363498478024 0.421440508225863 0.404851872210947 0.356611684311836 0.296341421066854 0.239203163198496 0.181555853478454 0.208278500142328 0.239186113637701 0.270416231456725 0.292589829544628 0.289913488170635 0.269022164515765 0.237683820573642 0.206767325138978
"25" 0.136079778391585 0.157851027151024 0.178659384565413 0.198434870358035 0.215690166519063 0.214932191186682 0.20001705882611 0.178549454629759 0.154013519795979 0.155130329601236 0.182787927319537 0.222383762891388 0.264413311711562 0.297282246542701 0.298173129179359 0.258632328880367 0.21558897521295 0.179931144770194 0.170887424984697 0.209792028636807 0.274359145680883 0.376526710739829 0.455288507493093 0.506716727123949 0.351992203584033 0.259237042036563 0.204581788039836 0.183291410821512 0.239549267525996 0.329035374521498 0.482156287589163 0.721430887591394 0.646808000255054 0.428199303107966 0.30322704099915 0.226483078225592 0.190175572540951 0.251341692410333 0.361803865170169 0.578894768696104 1.82197324171987 0.765474266610865 0.511141096111263 0.332908164648523 0.24011567884435 0.184344441476224 0.2457210006697 0.346207444245033 0.513613848134232 0.717652586060311 0.759721132193653 0.594308402115527 0.336308140636416 0.23852453385781 0.173890350441234 0.223606468195888 0.309939994091042 0.400714945325695 0.493398545050402 0.548069497726711 0.421293956476745 0.294910192849701 0.221343854798058 0.157454760006968 0.19233014917372 0.23700768618899 0.288679540761713 0.346098292377195 0.332807231917112 0.291360594001952 0.238689052909309 0.19109952976272 0.1411156369032 0.163111602945897 0.189466272232678 0.216882274783153 0.237017070260507 0.23545009215871 0.217829684299403 0.190966405754841 0.164540306283429
"26" 0.106134872530981 0.121933308089966 0.137214106057382 0.151345839277816 0.164041941212861 0.163077253946089 0.152389399147378 0.137066541290118 0.118774228209675 0.120546079010147 0.141353441140768 0.171261694681717 0.20156971117329 0.223701371405492 0.222642018463665 0.195126593980357 0.165145124008851 0.13921177317779 0.133211114237398 0.162820400449151 0.212019612658162 0.286554057645739 0.336624807280162 0.357735188396941 0.259237042036563 0.19920709776801 0.159105470106638 0.143559169710168 0.187791844316789 0.256801109014842 0.370533879246865 0.537638747917248 0.470036641684721 0.321058036442851 0.231972843239932 0.177961540642069 0.149903510847565 0.198696520176202 0.284774509122203 0.455138548845179 1.42490273239794 0.58537875721266 0.399464780020258 0.260429545062256 0.18984299446868 0.146744334076758 0.195927291980623 0.276284168792543 0.412925357939055 0.575134962920377 0.612531268455223 0.48997337396651 0.268530990500103 0.190602461143381 0.13901844147295 0.179302227006237 0.249836762953444 0.325134437494378 0.400103358292767 0.450273269206546 0.344708195009343 0.236860809797642 0.177795821767753 0.12612503463197 0.155176625424546 0.191130573867225 0.233694714439197 0.284353427134269 0.272626973672259 0.237832120912168 0.193319131912776 0.154238086822569 0.113168195957287 0.131383738885671 0.153660974298427 0.175557638322042 0.1929335196452 0.19178733473019 0.177074964802962 0.154611028185083 0.133734024228421
"27" 0.0862457944391039 0.0986366964419884 0.110679447929905 0.121665428435579 0.131588071129837 0.130672334433904 0.122342780006701 0.110426527431553 0.095984574784436 0.0978053127184162 0.114401916776696 0.138193205207399 0.161841044883341 0.17719535191025 0.17573419347266 0.155928795612658 0.132895441075529 0.112546209280305 0.108252802227953 0.132004967874214 0.171349994404758 0.22822538247212 0.264855512126134 0.276744887540343 0.204581788039836 0.159105470106638 0.128920433815445 0.116948220444562 0.1528967102643 0.20699291276719 0.296765585635135 0.424861720445393 0.367791482326321 0.255354221622608 0.186345161077974 0.143553222580124 0.122527080431728 0.162500717732475 0.231141236302717 0.368577162707659 1.14746216062484 0.469517075961964 0.323604935860897 0.211380881334461 0.154031787958328 0.120532637429332 0.16100980592513 0.226106782774441 0.338911199066784 0.47033532006564 0.503615805406462 0.406819831486735 0.220200674891923 0.155515587438946 0.114456598705241 0.147905476347917 0.205889784435016 0.268688601470033 0.331672613442462 0.376651803257384 0.286905596298865 0.195061127606499 0.145561254492804 0.103951847723914 0.128349398885388 0.158599630207113 0.192830495833756 0.237110806965457 0.226371954742771 0.196780196450919 0.159121241433327 0.127752238153078 0.0933225884992889 0.108601356545179 0.127428729187533 0.145982955717936 0.159605054524196 0.15859419449282 0.146130535840724 0.128367310820716 0.110738693656556
