"V1" "V2" "V3" "V4" "V5" "V6" "V7" "V8" "V9" "V10" "V11" "V12" "V13" "V14" "V15" "V16" "V17" "V18" "V19" "V20" "V21" "V22" "V23" "V24" "V25" "V26" "V27" "V28" "V29" "V30" "V31" "V32" "V33" "V34" "V35" "V36" "V37" "V38" "V39" "V40" "V41" "V42" "V43" "V44" "V45" "V46" "V47" "V48" "V49" "V50" "V51" "V52" "V53" "V54" "V55" "V56" "V57" "V58" "V59" "V60" "V61" "V62" "V63" "V64" "V65" "V66" "V67" "V68" "V69" "V70" "V71" "V72" "V73" "V74" "V75" "V76" "V77" "V78" "V79" "V80" "V81"
"1" 20.0940629326986 22.7085734984325 25.479933879432 27.8961393972897 29.1304011511667 28.5712115933369 26.3790861259889 23.4904433086605 20.8334574005296 22.6343676660279 26.5793022121183 31.4336313849627 36.560371463428 39.4735874393679 38.6591581112473 33.2457817476332 27.9140812763715 23.6703755172314 25.1497948097026 31.0036107562711 39.4910382884396 54.4796056346602 59.7912124006443 61.2865049856394 42.6179788858376 32.9284816984954 26.624310389434 27.4419962424694 35.2596483765795 48.6925179545053 69.732164590824 94.6634337348938 76.9020015758872 51.9149245463008 37.7797830317477 29.2559257077056 28.6753527140217 37.8033569133637 55.4718329425287 96.1273432743498 160.408031012012 99.1095780485293 64.6038541054196 42.0212088429057 30.9284051188107 28.5411329169621 37.6590761138341 54.1143035649938 78.6185431083897 95.2080823059356 90.1296845750795 71.2246398539116 42.3831506082151 30.8250283933452 27.0118470292913 35.0547760844592 52.9386361892731 60.3174349938916 70.7898211926078 69.1833634500809 51.8047421513986 37.4227450777353 28.8061532858965 24.4714513200178 29.7795770474789 36.5000941581555 42.8841156568051 51.647063194312 47.8102178314506 39.4142649559834 31.4913862270516 25.7979824083101 21.7001373677404 25.0505416737213 28.6885828106149 31.9745520433232 34.2327330458666 33.3893123841704 30.1896151518322 26.2482794591607 22.670401824134
"2" 22.7085734984325 25.7034116929091 28.89520418713 31.6920463907894 33.1258270983067 32.4810326361055 29.9445127483998 26.6108477922345 23.5682109061754 25.5689866631894 30.0857952873666 35.6902934218445 41.6620745933365 45.0554947572702 44.1224406649537 37.8076102237517 31.6403948277759 26.7727541688148 28.3729575002362 35.0585348038892 44.8464040619234 62.5586724312462 68.588669455438 70.454173083115 48.4987237814535 37.29793872938 30.0876262475774 30.906859934452 39.7639652398189 55.0626311465524 79.3425097472671 108.429181228166 87.7677382041664 58.8454986506641 42.6791935999662 33.0046155571926 32.213084904392 42.4619973524071 62.3327427040946 108.171530222724 181.089529457899 111.747975523005 72.7131051521496 47.2957598672743 34.8119680629595 31.9758087746657 42.0974088517562 60.2811014320812 87.5396293202033 106.292749253732 100.718674464908 79.673859900047 47.537219740484 34.6193222097727 30.2047586394165 39.0493772507854 58.3819983610028 66.8422597538611 78.4749094852692 76.8313205971656 57.7780306066364 41.881094784046 32.2985338913036 27.3488509268002 33.1956273741223 40.570029550098 47.6212196769698 57.130685721073 53.0733148337862 43.9232885127311 35.2079314544346 28.897481909183 24.2571358192566 27.9590162754382 31.9730089440015 35.5979828229001 38.083031644282 37.1835282796009 33.6854488786154 29.345717557114 25.3844197554629
"3" 25.479933879432 28.89520418713 32.5633280912815 35.8070331767828 37.4951264014596 36.7761866495711 33.8512311259136 30.0083218400027 26.5300602146681 28.6663782993867 33.8084939401765 40.2574213454523 47.2199084211645 51.2343587448559 50.2458242331634 42.8607281944524 35.7152671087816 30.1366299441927 31.7487775710776 39.3253483025597 50.5480798711931 71.437613563273 78.4320241470414 81.1381641417438 55.0547842520501 42.0751899462686 33.8376314207357 34.5039960800204 44.4300215356983 61.6552217060361 89.5174911901941 123.61313324369 99.9429412134318 66.4603919299737 47.9937397790668 37.0451331486884 35.8503785230717 47.2097735216639 69.2022693893074 120.039495505939 202.413962281098 125.282904008342 81.4572109879735 52.9616031683938 38.9703055244072 35.4807367236387 46.5662205101953 66.3680851232831 96.3149626282964 117.517168003461 111.77410524051 88.6781228366758 53.0175830614771 38.6532767513152 33.4518679449603 43.0452317626509 63.5846463792726 73.2519796289439 86.1650869362712 84.677830318428 64.0144472822216 46.5739951628779 35.9870212185782 30.2794762834872 36.640919513063 44.634220491392 52.3656682868729 62.6247074628883 58.4528022810197 48.5965451922886 39.0944662961791 32.1544163661128 26.8712623666264 30.9178941836836 35.303734800586 39.2746027878176 42.0042674060169 41.0794965089393 37.3058004384359 32.5750612253487 28.2270788323195
"4" 27.8961393972897 31.6920463907894 35.8070331767828 39.5017865340644 41.5003582211176 40.7773963311156 37.4954013709611 33.1581457893962 29.2534430684494 31.3437017446217 37.036226170182 44.2490097123936 52.1686810254821 56.9674873821439 56.165701170599 47.6773330674778 39.5252442851115 33.2422513165147 34.6353406001751 42.9656782487631 55.4220643339838 79.04109873866 87.5556660383627 92.2671322028496 61.3973803641303 46.5552244970036 37.3012911876894 37.5402910895883 48.3270726691421 67.0830642760344 98.0496285201611 137.343273533952 111.734239490776 73.6756692238233 52.9345149148298 40.7617623237658 38.8885684751391 51.1044651711962 74.6340939983422 129.079383632903 220.215925706198 137.630900597853 89.5936997746556 58.1802713512293 42.7687490608127 38.3914405302908 50.2010501471028 71.1731588596569 103.221766768362 126.870084164353 121.598732559987 97.0183219585036 58.0107605582513 42.3068710774875 36.1483205138913 46.2912226682333 67.5567049974303 78.3664494640368 92.5411097451149 91.5055035689973 69.5727169679194 50.781939369764 39.2960355879339 32.7269349105131 39.4845462939299 47.9525203801012 56.2777386061002 67.2063076564872 63.0885740788346 52.697776175865 42.5372492263927 35.0514820256294 29.0711587896025 33.3957203225836 38.0887192916889 42.3635490633139 45.3322470403746 44.434763011213 40.4631609769203 35.4151284270937 30.7397395751051
"5" 29.1304011511667 33.1258270983067 37.4951264014596 41.5003582211176 43.8108236176393 43.2153714998629 39.7475413660045 35.0966943345774 30.9016228752574 32.6753421416941 38.6281103534409 46.2126273695298 54.688289757231 60.3138856665388 60.1009451269322 50.8160906586578 41.9195700620488 35.147797409319 36.0373332995323 44.6767839659289 57.6165214224274 81.9928400532139 92.6427046866229 100.928836874752 65.6872567259276 49.4086776482598 39.4424841925258 38.9684292271794 50.0743282328201 69.3324156769481 101.551187839109 144.417325162067 119.570305265374 78.3912681066606 56.0606564787088 43.0589885878542 40.2955387990782 52.802849212789 76.7197395190504 132.060442526668 228.476530944158 145.225282567978 94.915404379864 61.4789788353448 45.1059204325748 39.7377563235695 51.7857122258092 73.0932500068315 106.011840809563 131.507114007657 127.526214353794 102.635136331142 61.1428345937183 44.5319608836787 37.4116093159463 47.7294000610033 69.0177193868122 80.5972959676893 95.7525925645053 95.4812513180669 72.9561720202228 53.3295995568815 41.2744808127973 33.9021051133488 40.8173300834144 49.481359124731 58.1654887807724 69.5569341321385 65.6901830954379 55.0786798691747 44.5536476472822 36.7480355050423 30.1552359525653 34.6096751211206 39.4612658218916 43.9240954195153 47.0806802942014 46.2736621381975 42.2437210233369 37.0393352529517 32.1849208825013
"6" 28.5712115933369 32.4810326361055 36.7761866495711 40.7773963311156 43.2153714998629 42.7987789215836 39.4277374666078 34.8289326255885 30.6457361761723 32.0040181297272 37.7939656389357 45.1664887132869 53.4939505891415 59.4785429819208 59.8698737954582 50.5943856401708 41.6657279892869 34.8995877943464 35.2655242805014 43.6157236006935 56.0545786697846 78.9336974542417 90.9373158809485 102.011207118677 65.6136061751286 49.1880321915909 39.2076254155139 38.0908654611154 48.8159207388021 67.2998800979316 98.2924961475679 141.021406462394 119.188517324605 78.2369815445052 55.8691516895233 42.8437019669238 39.3877589176423 51.4769488303389 74.4389671431219 127.528300609356 223.330057644463 144.768855911891 95.1895728644544 61.3984217575511 44.9177782885801 38.8691055323698 50.5480364866396 71.1817175129303 103.370304307533 129.445911833488 127.269577032173 103.513072321335 61.1159138998973 44.3507280668923 36.6358591829689 46.6617206963699 67.2025190707842 78.9142206293826 94.4710862930824 95.1016639723092 72.8490029150824 53.1615371732953 41.0644023934785 33.2475773811828 40.0080785734166 48.5068673047661 57.1851350677618 68.6996043084241 65.2227554994459 54.771855069468 44.2931287649401 36.5067971975557 29.6144553299939 33.994316536469 38.7921996851662 43.2596532462005 46.4945737051736 45.8181329981452 41.8928090616841 36.748335221984 31.9291689020312
"7" 26.3790861259889 29.9445127483998 33.8512311259136 37.4954013709611 39.7475413660045 39.4277374666078 36.417168532962 32.2641400331151 28.43954864158 29.5369037651192 34.8054497755314 41.4713524828635 48.9763382031755 54.4802771178864 54.9635159321072 46.6877749667633 38.6117218976438 32.4240915044918 32.5623840090975 40.1537220407658 51.3624983775517 71.4477940428007 82.8218578820895 93.1542506521818 60.6129184200952 45.6926968682274 36.5079352381805 35.1929944328381 44.9916621469487 61.7683164850025 89.7309689027064 128.613041022846 109.915555482662 72.8285219343605 52.1873048323142 40.0337576853804 36.4537090461003 47.5684362063687 68.5885945627521 117.157407416133 206.847629634926 136.230339089747 90.1108992466839 57.8010060118487 42.1424591901873 36.0503664122571 46.8705727247649 66.0288198401969 96.1383741959205 121.357627491595 120.853319301553 99.2727821200566 57.8338703307941 41.7287189355426 34.0475356322214 43.3948420599169 62.5875971998255 73.7913501836413 89.0596801875118 90.4540025481587 69.2266761808247 50.2598619152984 38.66280415188 30.9480393989458 37.2826761699797 45.2967836750113 53.6037467873771 64.8576701469258 61.7976579216172 51.828274816407 41.7843876128425 34.3494705571847 27.5972269733117 31.717461262303 36.2617330016924 40.5456816218214 43.7224143390894 43.1742745642972 39.4804054889335 34.5901189363491 30.0085007138385
"8" 23.4904433086605 26.6108477922345 30.0083218400027 33.1581457893962 35.0966943345774 34.8289326255885 32.2641400331151 28.7638988475147 25.3667045670876 26.3068099755852 30.9175350439118 36.6952710735167 43.1306430974875 47.821302790685 48.1827508329746 41.2359874772617 34.3331712925119 28.9485012690307 29.1164209313018 35.6944655184327 45.4178000307125 62.356316552806 72.2244300988707 80.4913970864273 53.5275315163075 40.7315850945364 32.6765951922294 31.4316716300133 40.0969582806944 54.8358378080433 79.1113507041802 112.676484162289 96.8747184111545 65.0102958354836 46.8484701456618 35.9878790500118 32.6419252569199 42.5619827470934 61.2803872844583 104.525254393959 185.356614417493 123.399660086584 82.069092216914 52.3857030676664 38.0795449149582 32.3708716449945 42.1235357281215 59.4592996401155 86.8368987631598 110.249273531468 110.882206486649 91.7745311581339 52.7710089487374 37.8540411249491 30.6435250750822 39.1357666274005 56.7058836381622 67.0252561497306 81.4892779843573 83.3575644834727 63.6012548842107 45.8815808395041 35.1290846219642 27.8958630667995 33.6723217570621 41.0327510475129 48.7475878418694 59.4514611128643 56.7595139677546 47.4581578953244 38.0926058736583 31.2101847469846 24.8962707975882 28.6622746831611 32.8430511088916 36.8273689690607 39.8434882635475 39.3982754249941 35.9980386018123 31.4729021401602 27.245234106672
"9" 20.8334574005296 23.5682109061754 26.5300602146681 29.2534430684494 30.9016228752574 30.6457361761723 28.43954864158 25.3667045670876 22.4744450042393 23.339077840496 27.3850209244043 32.4250724626631 37.9845534477705 41.9304488656293 42.1009870450721 36.2317659542802 30.3306666476681 25.6591032088987 25.7837635162756 31.6413711375305 40.1492987449665 54.8227092849594 63.1130869510676 69.3147684131892 46.9790019244446 36.0355892096363 29.0114039202142 27.9462507008821 35.6062849326639 48.5868612795427 69.8353441628754 98.7419037578119 84.781405121205 57.5132090892578 41.6591514280349 32.0512400481505 29.0755644961135 37.8966305068191 54.5052699466755 92.7925271702783 164.497298574725 110.249463505024 73.6660382030587 46.9116254661884 34.0463671964349 28.8922687124812 37.6283103626703 53.2002834232689 77.8214276012084 99.0666756462359 100.228440549792 83.3254684918149 47.5127800657669 33.9524655320543 27.3964008535065 35.0524804347748 51.0143063784122 60.3519024476661 73.7491288469375 75.7877303718055 57.6305531038005 41.3615384795534 31.5594450042394 24.9650478377375 30.1841960997227 36.8708445035111 43.9281923917224 53.9259703993478 51.5196887573846 42.9368969694827 34.3279253314585 28.050292547078 22.2913481948356 25.6979085118494 29.4972500911931 33.145925810846 35.9486663617264 35.5722750160903 32.4672738410784 28.3301524713543 24.4797420909205
"10" 22.6343676660279 25.5689866631894 28.6663782993867 31.3437017446217 32.6753421416941 32.0040181297272 29.5369037651192 26.3068099755852 23.339077840496 25.5177353791651 29.9582611404854 35.4010161211328 41.1009719225663 44.2355934303753 43.187193619155 37.1619243017673 31.2326650228567 26.5018061472102 28.3850824240954 35.00152111549 44.567025696871 61.37016906477 66.9781235751875 68.0296852377462 47.5634750429341 36.8155289415761 29.7943448306273 31.0093125496239 39.8921492180715 55.1799139314626 78.8539624851349 106.240371130917 85.7801617489476 57.9542692993086 42.2227608826739 32.7270640525234 32.4323553697049 42.8378048876441 63.0879986974677 109.651232634089 181.105779898808 110.733984764532 71.9831929067046 46.9232630370025 34.589186853828 32.2925581059332 42.6988656987574 61.5129369914593 89.2726379139432 107.324794505793 100.732296021619 79.1690668312906 47.3189818430288 34.4779655004509 30.5547022016124 39.7396753658126 60.3386614767537 68.3614445719269 79.7115630742953 77.3906204836457 57.8711758503574 41.8445323878963 32.2415015784883 27.6570062061673 33.6897468647522 41.3123674835174 48.4232912960168 58.0881305409126 53.5774129157904 44.1290299338235 35.2660786100096 28.9002835932652 24.499438911686 28.2881164352944 32.3839969121996 36.0442115338596 38.5094256440842 37.4893361172087 33.860359379225 29.4299364870959 25.4178327165327
"11" 26.5793022121183 30.0857952873666 33.8084939401765 37.036226170182 38.6281103534409 37.7939656389357 34.8054497755314 30.9175350439118 27.3850209244043 29.9582611404854 35.2675523585411 41.8425051336107 48.7895564770432 52.540171606783 51.19743722099 43.8597388123494 36.7222278896724 31.082163173852 33.2765514120031 41.1728891289939 52.7362954688648 73.7478098135397 80.1041458688332 81.1504148206806 56.1478350131258 43.2356123848252 34.8987756599408 36.2838437055348 46.7860864853698 65.006675177513 93.635298880711 126.908852568364 101.641789895227 68.0885434589394 49.4137709597757 38.2451996873099 37.8240099191606 49.9853063899443 73.7601084809147 128.619329617668 212.600225024422 129.289353164276 83.7733847641881 54.6437486759971 40.3006628852626 37.5218578819699 49.4903280667437 71.0039903831076 102.97741537687 124.016661933526 116.260950633003 91.3431725364004 54.855683125922 40.0591160530653 35.4042515022148 45.82764202905 68.6944478135164 78.2785442178834 91.2092537069926 88.6239845699262 66.6143561529159 48.3928341784794 37.3880839602353 32.014161567385 38.8681682536585 47.4804176918893 55.5603302434448 66.2613893609953 61.3505847251174 50.7751543776431 40.7497892316272 33.4796903201947 28.3604687439929 32.6787754396957 37.33400207362 41.4846286076875 44.2582728846264 43.1265237504923 39.0404408440845 34.016674800808 29.4375891055506
"12" 31.4336313849627 35.6902934218445 40.2574213454523 44.2490097123936 46.2126273695298 45.1664887132869 41.4713524828635 36.6952710735167 32.4250724626631 35.4010161211328 41.8425051336107 49.9595853944675 58.6820066527811 63.3119326796979 61.5870663582069 52.4095683070361 43.6263009078103 36.7862630893384 39.2128811934254 48.7434604926144 62.9933061088175 90.3375827607319 97.5127117712031 98.7106917891852 67.1422989535034 51.2883632168483 41.2336558699771 42.616054315041 55.0683665146496 76.868024258078 112.140516497885 153.828597512363 122.111320712938 80.8338443944143 58.329574681981 45.0439553818766 44.2079656845352 58.3730530177182 86.0443044717867 150.071655279264 249.815015705233 151.868551711214 98.1712186635881 64.0714802766642 47.2698173152775 43.6432213890039 57.3161292847635 81.6785096097614 118.274594588189 143.139801396689 134.502048106346 105.881884756974 63.9265967470864 46.8045595683996 41.0455187299028 52.7671503865372 77.7074251240287 89.278314676491 104.152899178512 101.550799817822 76.8901101047221 56.1925451299752 43.5611352447133 37.0829021220744 44.8160100290957 54.4689298509311 63.6468707976951 75.4764725693575 70.2925145647585 58.5506857621411 47.2458549512099 38.9450672183839 32.8667520213798 37.7675315100566 43.0395891103137 47.7453210486411 50.884611983321 49.6748051975507 45.1157365144104 39.4420018223511 34.2225910368374
"13" 36.560371463428 41.6620745933365 47.2199084211645 52.1686810254821 54.688289757231 53.4939505891415 48.9763382031755 43.1306430974875 37.9845534477705 41.1009719225663 48.7895564770432 58.6820066527811 69.5906829762716 75.5859055406215 73.7718537179677 62.238628229505 51.3794937139023 43.0930933630003 45.3415643420533 56.6045489743116 73.8274661135321 108.657416834175 117.614438670638 120.877353760619 79.9421098741495 60.3302104249005 48.220651063919 49.0511607739781 63.4208093975569 88.7350455774019 131.380959637652 184.085596414157 146.083020673959 95.2610489053032 68.1884663325413 52.4786294812616 50.5935055900179 66.5985957190077 97.5686835386308 169.226762352529 286.363165647208 176.046953737005 113.856074841559 74.3013400454449 54.797105245844 49.7042026654594 64.8826710635793 91.6348316547657 132.358770510805 161.656050506484 153.221282647139 121.372160900995 73.5877673019782 53.9971683049618 46.6145303197942 59.4482420715077 85.827606324009 99.5399329372484 116.580366946969 114.502958344315 87.4988035628571 64.3627509254312 50.0691265502456 42.1060514916827 50.6243077317576 61.1898988860438 71.4559150490132 84.4017433117626 79.2247324594331 66.493582105217 53.9804270404209 44.6585533177651 37.3625074880566 42.8068220113256 48.6630462975523 53.9228637033419 57.465613847032 56.2653248997338 51.3154022538389 45.0399257225963 39.1983423557364
"14" 39.4735874393679 45.0554947572702 51.2343587448559 56.9674873821439 60.3138856665388 59.4785429819208 54.4802771178864 47.821302790685 41.9304488656293 44.2355934303753 52.540171606783 63.3119326796979 75.5859055406215 83.8226881099066 83.6868271774747 70.0136323377418 57.1856626240045 47.6468782636361 48.6356581985326 60.6164096116429 78.9267249053213 115.099498251804 130.161878299868 143.53961498468 90.6129252656565 67.2042488178226 53.2969408002333 52.3965582377218 67.5110253673332 93.9817918861035 139.535951227687 201.589642511393 165.709982034092 106.584844046355 75.5222283727991 57.8371069716544 53.884656325231 70.5753503537456 102.4585992509 176.223296530623 305.433548374268 193.006623703882 125.576071965695 81.7386330511154 60.1339086941962 52.8491514198158 68.6003286937765 96.1697704209361 138.811038211918 171.901014783021 165.757427553383 132.934527765892 80.4377570557352 58.9926831648024 49.5574138523848 62.8201765298569 89.3929631051632 104.652729860238 123.569994313396 122.825814480492 94.6818301673182 69.9278175701224 54.4812611926133 44.830472491337 53.7131650339021 64.7102244387167 75.7148641486471 89.5291865617489 84.7923733714463 71.6420504803989 58.4175071124995 48.4437754991094 39.8643123844509 45.5983231948018 51.7961951731666 57.4415553195022 61.3483128572246 60.3123996105628 55.2389487871656 48.6462426798508 42.4343030541904
"15" 38.6591581112473 44.1224406649537 50.2458242331634 56.165701170599 60.1009451269322 59.8698737954582 54.9635159321072 48.1827508329746 42.1009870450721 43.187193619155 51.19743722099 61.5870663582069 73.7718537179677 83.6868271774747 85.9136337038194 71.418338030208 57.8279768676243 47.9439288072769 47.3889394767806 58.7699571393508 75.951579449791 108.114376781328 128.457324076375 154.038311621975 93.0891481003642 68.0768592279321 53.6724750376494 50.9147441974517 65.2572951713338 90.0560886752391 132.643272890221 194.973956990402 168.560800789209 108.308658484745 76.3116850750092 58.2026209497232 52.3486310036655 68.2191471336335 98.1751450126269 167.258739905176 294.980706612298 193.284761190645 127.262726443966 82.4565593382392 60.433587431725 51.4008454328667 66.4668138269211 92.7840823755882 134.024492402516 168.281705003252 165.846419877565 135.301154046795 81.0115330002431 59.1782486187649 48.2940808343551 61.0443976449819 86.3510319861718 101.814374078738 121.508151299524 122.499566374905 94.9371286371593 70.071795947637 54.508020546625 43.7937200062724 52.4136200050945 63.1348870076735 74.1567363946832 88.2394430592781 84.2371765039162 71.4176427502233 58.2882912829919 48.3352624357217 39.033161823266 44.6465673169261 50.7656283174649 56.4412890686612 60.5153144720676 59.7394860047286 54.8740780808319 48.3970711930145 42.2436485151458
"16" 33.2457817476332 37.8076102237517 42.8607281944524 47.6773330674778 50.8160906586578 50.5943856401708 46.6877749667633 41.2359874772617 36.2317659542802 37.1619243017673 43.8597388123494 52.4095683070361 62.238628229505 70.0136323377418 71.418338030208 60.2522543704833 49.452772610013 41.3310653079996 40.8737564990977 50.4372078679948 64.6335654074882 90.1133156701623 106.584212340197 124.273425324675 78.5213999633476 58.5050327520938 46.4938844951533 44.0432786602098 56.2686383196613 77.20462712178 112.593470702946 163.976213743767 142.531870533103 93.4586075965331 66.5029754598873 50.8448055064523 45.4863253090794 59.2240573125537 85.0845485314542 144.824121106393 258.450517092282 172.528675090701 114.312478426969 73.2122360023837 53.3201100677299 44.8713477509603 58.1230727728021 81.4368905950289 118.374960715951 150.392220548101 150.967807388683 124.912527762514 72.8333720470335 52.5948215010914 42.3203740637448 53.6791836019753 76.5008194575574 90.6662873514117 109.580391619694 111.866332417402 86.3138626626166 62.9924504631173 48.5737471937645 38.4711998971596 46.199312651464 55.9330996064555 66.1286505092312 79.6646847491968 76.347947902794 64.4529299850962 52.2320805534019 43.059939268418 34.3354075461548 39.388366322258 44.9585271157467 50.2208719158136 54.1349413750714 53.572065668856 49.1548135329425 43.2071634393837 37.5744611366781
"17" 27.9140812763715 31.6403948277759 35.7152671087816 39.5252442851115 41.9195700620488 41.6657279892869 38.6117218976438 34.3331712925119 30.3306666476681 31.2326650228567 36.7222278896724 43.6263009078103 51.3794937139023 57.1856626240045 57.8279768676243 49.452772610013 41.1207142781331 34.6377456213366 34.4339933155167 42.3269970524514 53.881983886932 74.0291384996401 86.40705569154 97.2889528915003 64.3194901932634 48.8305867739528 39.1208734588034 37.2208714303201 47.4435776557081 64.821011874679 93.7086446846876 134.469535598484 116.519180465929 78.1189993167199 56.1957292768569 43.1005989092568 38.6031422722851 50.254092004462 72.1581330681091 122.74888606632 219.701851383314 148.304944622719 98.9534391192013 62.8975780650589 45.6071259087667 38.244950439269 49.6515009606055 69.8573275315385 102.031186314272 130.489468583781 132.621249310672 110.832814595291 63.3129659857549 45.3017360293366 36.1926399281078 46.0896220101312 66.2828516327361 78.749323412667 96.1128502600478 99.005778847482 75.9425371923658 54.8447808057921 41.9707256648227 32.9647525187959 39.7254326803911 48.3358040152363 57.4625645660842 70.0293562837923 67.2300488490983 56.4420279531755 45.4041333413479 37.224683010423 29.4463027900654 33.875108223751 38.8012270758146 43.5208046926435 47.1267025246711 46.7041037798531 42.7726685408655 37.4578353387159 32.4548904946519
"18" 23.6703755172314 26.7727541688148 30.1366299441927 33.2422513165147 35.147797409319 34.8995877943464 32.4240915044918 28.9485012690307 25.6591032088987 26.5018061472102 31.082163173852 36.7862630893384 43.0930933630003 47.6468782636361 47.9439288072769 41.3310653079996 34.6377456213366 29.3183190559781 29.2640803375278 35.8803438432712 45.475865829924 61.9014190726157 71.5917981339542 78.9750945344859 53.6613909657974 41.2120518943614 33.1874837181416 31.7006547872509 40.3441921678045 54.9596473548114 78.9445840827948 111.967348373022 96.8240906361362 65.9092373873333 47.764669926118 36.7223769315194 32.9739859332405 42.921844632024 61.5996689515847 104.660969556241 186.92302427536 126.875429399039 85.1408940729262 53.9800768965028 39.0697073955705 32.76694921055 42.6129640536076 60.1383205215813 88.0556261480666 112.86858528459 115.394343056104 96.8537302747647 54.7516856855866 38.9848192396793 31.0821240557132 39.7049281751446 57.5320958665313 68.3769415833284 83.9594633892723 86.9127490522525 66.3012615205222 47.5375613430983 36.2089344365583 28.3459905812402 34.2484769121639 41.8223829284309 49.9047188517954 61.3530105390739 58.9029296347814 49.2009001627708 39.3530783255129 32.1413914001455 25.3325447421653 29.201250945877 33.5295602790138 37.713790434843 40.965963576961 40.6216430283433 37.1331221878476 32.422785558023 28.0175229017989
"19" 25.1497948097026 28.3729575002362 31.7487775710776 34.6353406001751 36.0373332995323 35.2655242805014 32.5623840090975 29.1164209313018 25.7837635162756 28.3850824240954 33.2765514120031 39.2128811934254 45.3415643420533 48.6356581985326 47.3889394767806 40.8737564990977 34.4339933155167 29.2640803375278 31.7333197366485 38.9677947047549 49.4590723535544 67.4119909416601 73.3411276816483 74.0168415218013 52.228871930932 40.5734784051659 32.8965932554125 34.6381784489667 44.5900259066624 61.6965876705033 87.5891472803637 116.676675122218 94.0319570204478 63.7588776476832 46.5655135471473 36.1474063440112 36.3135679839538 48.0730323204857 71.0936415758611 123.944364587691 202.117045713708 122.217987703643 79.2610163891867 51.7817198338043 38.2299098728659 36.2207673873665 48.0604841825372 69.5547906203417 100.84389529633 120.095539297685 111.596567366794 87.1559884413202 52.2802067786978 38.145898184335 34.2930658182707 44.7934568515393 68.740671516598 77.2033507682691 89.3036750146183 85.9953844009544 64.1110839061738 46.3447929106307 35.7201890576279 31.0178852539186 37.8714277913005 46.5232498291707 54.3954470282404 65.0244154831244 59.6550215604509 49.0185045440437 39.1370630200367 32.0611112144833 27.4409429208841 31.7141626768577 36.3122268047095 40.3676612594491 43.0337991537876 41.7862380736716 37.6685616220348 32.703309494549 28.2274845291441
"20" 31.0036107562711 35.0585348038892 39.3253483025597 42.9656782487631 44.6767839659289 43.6157236006935 40.1537220407658 35.6944655184327 31.6413711375305 35.00152111549 41.1728891289939 48.7434604926144 56.6045489743116 60.6164096116429 58.7699571393508 50.4372078679948 42.3269970524514 35.8803438432712 38.9677947047549 48.2215021116534 61.6629712014634 85.6143911299352 92.2276491150573 92.0292885011346 64.3933563627637 49.7813791974175 40.2609830666807 42.589840920495 55.0477025211203 76.7257524418747 109.904139992977 146.69779215912 116.406600060591 78.1963684007311 56.8928930865333 44.1104420695698 44.4766501669262 59.0014238801145 87.7514935901419 154.011385471749 249.423640616706 148.917482919746 96.0737777052574 62.8762722233996 46.4822230499239 44.1460570612966 58.4445060867611 84.2244613983076 121.990254841655 145.12922474178 134.123126833288 104.453457535201 63.137448720395 46.2293872533832 41.6306867200736 54.0746321421913 81.6992039776711 92.3431410460975 106.500550342748 102.402287944202 76.7832321306318 55.8447906018452 43.202096971679 37.587522409717 45.7072080827361 55.8764070446531 65.1460757340999 77.197817778851 71.0798152090198 58.7333971498827 47.1411759063493 38.7444789360173 33.2401968285915 38.3157351806386 43.7485019480781 48.5085363404927 51.5802516386458 50.1093961367297 45.280350349678 39.4266765711012 34.1131714087362
"21" 39.4910382884396 44.8464040619234 50.5480798711931 55.4220643339838 57.6165214224274 56.0545786697846 51.3624983775517 45.4178000307125 40.1492987449665 44.567025696871 52.7362954688648 62.9933061088175 73.8274661135321 78.9267249053213 75.951579449791 64.6335654074882 53.881983886932 45.475865829924 49.4590723535544 61.6629712014634 79.9274013123289 115.264922756071 121.93805418062 119.688496363539 82.4506223698616 63.2037750898264 50.8924831410707 53.8451151177332 69.9135309883956 98.317153249535 143.345180709456 193.194285982269 149.998956481562 99.2648496836179 71.7607017260246 55.5106902676565 55.8483994548499 74.1298479521456 110.512600591208 194.846368295563 316.069062266281 186.746409489639 119.805699037607 78.5716556463441 58.1690374170703 55.0261167068417 72.4722205438823 103.546382125887 149.64830184797 178.625786813243 164.71424806799 128.150592779278 78.2451677539187 57.5581469304028 51.6107479134744 66.4043260415153 97.8050741081512 111.798044167583 128.886757387433 124.139532012064 93.9545886816056 68.9342650216197 53.6069993898197 46.5086620772353 56.187003435726 68.178807558474 79.2632157240385 93.0316134388153 86.2400269887518 71.8675313169213 58.1223961719169 47.9967108779622 41.1356866658902 47.2268233576669 53.7137239366781 59.3829726499546 62.994970211695 61.305479905346 55.6226374298124 48.6487619363029 42.2455797754812
"22" 54.4796056346602 62.5586724312462 71.437613563273 79.04109873866 81.9928400532139 78.9336974542417 71.4477940428007 62.356316552806 54.8227092849594 61.37016906477 73.7478098135397 90.3375827607319 108.657416834175 115.099498251804 108.114376781328 90.1133156701623 74.0291384996401 61.9014190726157 67.4119909416601 85.6143911299352 115.264922756071 186.500618262351 184.638889356981 171.569078865977 114.399218143554 86.2222150918567 68.8332056416043 72.6031153517147 94.8620212604396 135.293677869727 206.792162156572 283.372051659908 209.052394539079 134.844632791215 96.4522863451119 74.3433914430426 74.0989467664844 97.8354412103653 143.811820291923 248.780375791665 409.24559521606 244.476282712258 156.875397015209 103.602268499898 77.0052812255179 71.9943891259593 93.5907690857853 130.929204502171 186.839981150427 224.561212885075 208.360500521854 163.079319788236 101.561953112045 75.4367978068238 66.9363146801926 84.6343698414404 119.623604254245 138.335258040818 159.419958202933 154.615485244291 119.141788284985 88.8601667477041 69.8151072403623 60.1601297028136 71.8119894082899 85.9762922780315 99.3739022494076 115.125352419572 107.940475722112 91.2675450931621 74.8036979014255 62.3288270192939 53.252484002721 60.6776273738229 68.5182921837209 75.3630732643155 79.6906664868113 77.8235728595315 71.1284206248411 62.7166963291238 54.8359421450985
"23" 59.7912124006443 68.588669455438 78.4320241470414 87.5556660383627 92.6427046866229 90.9373158809485 82.8218578820895 72.2244300988707 63.1130869510676 66.9781235751875 80.1041458688332 97.5127117712031 117.614438670638 130.161878299868 128.457324076375 106.584212340197 86.40705569154 71.5917981339542 73.3411276816483 92.2276491150573 121.93805418062 184.638889356981 206.566561404035 220.679990799953 137.897454423368 101.186016632612 79.7672806026923 78.6690962704633 101.853331931633 143.148820631157 217.924025373513 323.790841246984 257.013745337097 160.600916424574 112.536262326678 85.9679314809445 80.2726842579965 105.130957655262 152.494356632461 262.232121688153 458.086306273523 284.468752532031 182.964837430582 119.902565514224 88.5767762777714 78.0970077614378 100.834459084137 139.993061603711 200.636011207766 247.751202140167 236.150703805181 187.681455683925 116.365126601854 86.2110231466863 72.7892360709221 91.4291228900313 127.002328293451 149.248574289298 174.526077278074 172.400931900655 134.497810626722 100.802720250631 79.2777482226975 65.6595361063738 78.1229917731991 93.2480065167671 108.360198513379 125.991241574445 119.724401347039 102.218156823296 84.2741494515595 70.406534348554 58.3443473942384 66.4125778197505 75.0261699184885 82.7443287273211 87.8829141774766 86.3874182458162 79.4502754481358 70.3783254563877 61.7110029165787
"24" 61.2865049856394 70.454173083115 81.1381641417438 92.2671322028496 100.928836874752 102.011207118677 93.1542506521818 80.4913970864273 69.3147684131892 68.0296852377462 81.1504148206806 98.7106917891852 120.877353760619 143.53961498468 154.038311621975 124.273425324675 97.2889528915003 78.9750945344859 74.0168415218013 92.0292885011346 119.688496363539 171.569078865977 220.679990799953 303.7786035328 163.904869067431 113.963801547729 87.8042767622781 78.6477692038832 100.5777221043 138.450758164289 205.847636736803 318.184678136805 294.621739442434 181.456955598571 124.295405762371 93.7132848487926 80.015662108686 103.49078446785 146.982913098495 245.972116003389 437.653099683568 297.035835456992 197.429812172787 129.497545415827 95.3319707051036 77.8944886502415 99.5535628387036 136.507393590923 194.561903548732 245.117610131173 243.219735297253 199.948897812524 123.731577325705 91.7306749162079 72.8214047646427 90.7396598947867 124.241410919913 147.209245954727 174.597956568171 176.614353848837 140.111783874939 105.87377691913 83.5914423246026 65.9858850540607 78.1726722992391 92.9994530937908 108.487690212132 127.000881666906 122.45409571214 105.718193493248 87.8470299685677 73.7537992674203 58.9131320986911 66.9339339889935 75.600190978065 83.594887524589 89.2702559307794 88.4409526637051 81.97108479568 73.0695204719737 64.368406862744
"25" 42.6179788858376 48.4987237814535 55.0547842520501 61.3973803641303 65.6872567259276 65.6136061751286 60.6129184200952 53.5275315163075 46.9790019244446 47.5634750429341 56.1478350131258 67.1422989535034 79.9421098741495 90.6129252656565 93.0891481003642 78.5213999633476 64.3194901932634 53.6613909657974 52.228871930932 64.3933563627637 82.4506223698616 114.399218143554 137.897454423368 163.904869067431 102.775397256695 76.2407414048342 60.4259162466471 56.1503570338643 71.6168058851843 98.0348992190087 143.202326202911 211.919568822969 187.761556717997 122.432513017624 86.7256908203786 66.1070058526791 57.8843104737857 75.168398230583 107.51733957531 182.334386013358 331.741353174714 226.435090644791 150.281554238346 95.5270066748822 69.2931264021124 57.0247284844398 73.5998101461923 102.605199592737 149.193576730097 191.857581664897 195.620851880116 164.003569804014 94.7988465634351 68.2260733503633 53.7606746956495 67.8855370292888 95.6006382274051 114.197280044505 138.725551973653 142.973998297477 111.329608251186 81.4839398076295 62.8217868992803 48.9115065520702 58.5842124359237 70.744049089796 83.6979558916195 100.595248592967 97.1914033775916 82.6373939101015 67.2605862740188 55.532655803192 43.7134211013559 50.0843629507176 57.1241237256192 63.8218250119898 68.8615026310149 68.369118984024 62.9721400201437 55.5176806302526 48.3626087876519
"26" 32.9284816984954 37.29793872938 42.0751899462686 46.5552244970036 49.4086776482598 49.1880321915909 45.6926968682274 40.7315850945364 36.0355892096363 36.8155289415761 43.2356123848252 51.2883632168483 60.3302104249005 67.2042488178226 68.0768592279321 58.5050327520938 48.8305867739528 41.2120518943614 40.5734784051659 49.7813791974175 63.2037750898264 86.2222150918567 101.186016632612 113.963801547729 76.2407414048342 58.1558978384482 46.6606127067935 43.8363950804873 55.766392146182 75.962004004355 109.596769849602 157.798070012754 138.202605101638 93.4080525300987 67.3257168565282 51.5892923550207 45.4706573478072 59.0784573263992 84.5528910574835 143.420872556996 260.17771071196 179.544926999877 120.588473187285 75.9553279278963 54.7880390650975 45.0711575906694 58.4009146922045 81.9763751511184 119.974937766005 155.246129699215 160.65318858401 136.550669596089 76.7154060860275 54.5087383210227 42.6909156283001 54.254822492764 77.5654595402746 92.8135759416583 114.162409182739 118.980013200902 91.7707150963559 66.1443977214705 50.443128540743 38.9366650674411 46.8881371715466 57.0465700461039 67.9936676723351 83.0615582207426 80.3496398687674 67.7143981855385 54.5077921645823 44.6405482296785 34.8297851444091 40.0723721778032 45.9341484596279 51.6094517470405 56.0269888480751 55.7089393608115 51.1449452610529 44.8337110462263 38.8416042967053
"27" 26.624310389434 30.0876262475774 33.8376314207357 37.3012911876894 39.4424841925258 39.2076254155139 36.5079352381805 32.6765951922294 29.0114039202142 29.7943448306273 34.8987756599408 41.2336558699771 48.220651063919 53.2969408002333 53.6724750376494 46.4938844951533 39.1208734588034 33.1874837181416 32.8965932554125 40.2609830666807 50.8924831410707 68.8332056416043 79.7672806026923 87.8042767622781 60.4259162466471 46.6606127067935 37.6504850681794 35.634598400739 45.2690482931668 61.4929467580492 88.0871156502721 124.893953748652 108.844952908074 74.8095019416469 54.381763385556 41.8022589618854 37.0869162461491 48.1989588296743 68.9868685470579 116.882756292717 210.442290718316 145.419628393174 98.3306877960262 61.9330199918141 44.6400818665997 36.8869863817854 47.9104201362852 67.5216975752058 99.0431494163465 128.108550809092 132.969853343746 113.201627079489 63.0783883496455 44.6367502677204 35.0297245267463 44.6998385616979 64.5580047431074 77.1589463402667 95.4447238790303 99.8442617293889 76.394777251091 54.6052281672859 41.4443808734704 31.988217217256 38.6447313760443 47.2194501234417 56.5029580615977 69.733237395437 67.3661548493721 56.36848413399 45.0490639666275 36.7342846238111 28.6222475140212 33.0080292761256 37.9407496283889 42.7575995038363 46.569883485485 46.3071065595793 42.394804606301 37.0209942413962 31.9706478287718
"28" 27.4419962424694 30.906859934452 34.5039960800204 37.5402910895883 38.9684292271794 38.0908654611154 35.1929944328381 31.4316716300133 27.9462507008821 31.0093125496239 36.2838437055348 42.616054315041 49.0511607739781 52.3965582377218 50.9147441974517 44.0432786602098 37.2208714303201 31.7006547872509 34.6381784489667 42.589840920495 53.8451151177332 72.6031153517147 78.6690962704633 78.6477692038832 56.1503570338643 43.8363950804873 35.634598400739 38.0256468023476 48.9440297142667 67.6413104567491 95.3357938675944 125.327473609839 100.698951286667 68.7053133778591 50.3683920629342 39.1825293118383 39.9972793577828 53.0447162436709 78.6153875240509 136.973798204154 220.159347204549 132.097966639793 85.6186889591541 56.0943305709169 41.4916392297264 40.0191565059686 53.3415280357001 77.6659836417495 112.333071392798 132.160708720989 121.52738863593 94.3254315203623 56.7648551031793 41.4712959558058 37.9521603463677 49.9007272559487 77.9120025433166 86.30139958164 98.8042337808866 94.2250102602767 69.9312035337164 50.4915462431071 38.911965792205 34.3083004777033 42.0449331597962 51.8129955312064 60.3955514802398 71.9769505278876 65.549095995004 53.6514316910836 42.7501428811215 34.9890648078336 30.3039452028139 35.0799684616607 40.1915832545951 44.6259871846101 47.4581829018663 45.9286191610206 41.2863359276643 35.7777927878133 30.8464712702355
