"V1" "V2" "V3" "V4" "V5" "V6" "V7" "V8" "V9" "V10" "V11" "V12" "V13" "V14" "V15" "V16" "V17" "V18" "V19" "V20" "V21" "V22" "V23" "V24" "V25" "V26" "V27" "V28" "V29" "V30" "V31" "V32" "V33" "V34" "V35" "V36" "V37" "V38" "V39" "V40" "V41" "V42" "V43" "V44" "V45" "V46" "V47" "V48" "V49" "V50" "V51" "V52" "V53" "V54" "V55" "V56" "V57" "V58" "V59" "V60" "V61" "V62" "V63" "V64" "V65" "V66" "V67" "V68" "V69" "V70" "V71" "V72" "V73" "V74" "V75" "V76" "V77" "V78" "V79" "V80" "V81"
"1" 0.00210400475807814 0.00234195624617456 0.00259219185989306 0.00280351394506255 0.0029227081898754 0.00290467096055306 0.00274921805667748 0.00251519083320509 0.0022641646472557 0.00235407807994319 0.0027266747023436 0.00314347965268445 0.00353177685082538 0.00378178575035951 0.0037652349592877 0.00343170912732546 0.00299531643438091 0.00259545506695148 0.00262889861345805 0.00319244688193631 0.00393302939609679 0.00471596282638433 0.00531588961433709 0.00552045470905464 0.00447720009316748 0.00359644333412989 0.00296759250443797 0.00286786156469238 0.00367899113317743 0.00510275904462647 0.00699126618924181 0.00828166067641671 0.0078814627992668 0.00569368590886834 0.00427751332121226 0.00334271841675153 0.00299100025681483 0.00394372845636028 0.00600506762776505 0.0100773053345206 0.0273495914761218 0.0104785575787866 0.00713633997912684 0.00496578121333122 0.00366311279365087 0.00294851122069274 0.0038019598800471 0.00526438997441171 0.00776720484634473 0.0125045096880126 0.0145631486457357 0.0109226152327046 0.0054300597574741 0.00378563948231539 0.00277650626262242 0.00343828644476422 0.00441433338262695 0.00580953244972589 0.00787960819245692 0.0104646380220705 0.00784862112388799 0.00497649025037954 0.00360133972481464 0.00254023762270405 0.00302080941505823 0.0036477967548561 0.00440077279197022 0.00519592660121489 0.00560627969993692 0.00503803027832351 0.00401780707494084 0.00319624209253241 0.00228856145898389 0.00262739499511209 0.00301547601305794 0.00343163007269226 0.00376702266000705 0.00387539059715639 0.00365171929424253 0.00321286243196666 0.00274494500556751
"2" 0.00234195624617456 0.00263033869705638 0.00290177641316083 0.00314016438495695 0.00327543801132724 0.00325573324070187 0.00307999447544356 0.00281541399443698 0.00253234927400655 0.00263279026391875 0.00305099713468815 0.00351972571321419 0.00395818368824861 0.00424358561475642 0.00422798165043368 0.00384909066092874 0.00335395038599096 0.00290262329954012 0.00293972806139112 0.00357181688755239 0.00440379746987318 0.00528698520111876 0.00597422236231108 0.00622766047867798 0.00502864153533932 0.00402628111944521 0.00331710787160034 0.00320606590006191 0.00411491889609568 0.00571188604040353 0.00783556018595591 0.00930135184741842 0.00888354835697229 0.00638274311506045 0.00478084267596569 0.00373213297689114 0.00334223750521812 0.00440849623791792 0.0067169837022 0.0112877188637148 0.0307793772836983 0.011709029587432 0.00795548362786031 0.00553408197190567 0.00408301795315687 0.00329290133639335 0.00424639639988673 0.00587984245707732 0.00867302644085278 0.0139281291511054 0.0161255042206857 0.0121059013660006 0.00603464852226068 0.00421321024624435 0.00309899907610168 0.00383684420973135 0.00492323475507142 0.00647153274495615 0.00875127415999377 0.0115710074891076 0.00868615842963886 0.00552429691934113 0.0040047765958997 0.00283390650675674 0.0033688031844382 0.00406514425598689 0.00489865044806579 0.0057736398761401 0.00621958326578882 0.00558885868964951 0.00446229471219423 0.00355398602355019 0.00255228167764696 0.00292896591334885 0.0033595870007936 0.00381982846939718 0.004189040951888 0.00430625139274403 0.00405716964218157 0.00357119931700482 0.0030532256773656
"3" 0.00259219185989306 0.00290177641316083 0.00322598618840467 0.00348411472589964 0.00363879295743758 0.00361967708306912 0.00342347193159771 0.00312661824976578 0.00280961479358344 0.00291291320838379 0.00337714076463193 0.00389953067624722 0.00439285428851605 0.00472175939405566 0.00471334704303058 0.00428654141877401 0.00372746343737068 0.00322089680512744 0.00325050088419485 0.00395007821560928 0.00487333498987621 0.00586362082268455 0.0066595341665405 0.00699235542164895 0.00561384525613513 0.00447533368536868 0.00367954591862336 0.00354256975516697 0.00454503806638074 0.0063044278775548 0.00866219015814687 0.0103417534211356 0.00995929117707183 0.00710988817933876 0.00530504946662523 0.00413528389562516 0.00369102787417514 0.00486519923002875 0.00739860644994344 0.0124457877381952 0.03422690417164 0.0129681197481744 0.00880395666633834 0.00612212448695828 0.00451630760206468 0.00363555047613447 0.00468589380580663 0.00648482054228278 0.00956739911078749 0.0153550891729835 0.0177102246753768 0.0133395283082936 0.00665753746410752 0.00465295712648694 0.00342102295559656 0.0042339196777704 0.00543012074748516 0.00713396806208986 0.00963008716927568 0.0126949384805816 0.00954392975509569 0.00608605722755907 0.0044184474250339 0.00312816205418232 0.00371731715781846 0.00448354434349811 0.0053993536438416 0.00635731350446093 0.00684227053844157 0.00615043932495098 0.00491648250311182 0.00391986254129979 0.00281726884865678 0.00323202731493605 0.00370580000759774 0.00421128022638254 0.00461588721187813 0.00474344349845199 0.00446973593968507 0.00393655234394841 0.00336791945265641
"4" 0.00280351394506255 0.00314016438495695 0.00348411472589964 0.003791457799563 0.00395807905954266 0.00394364197223339 0.00373050499224057 0.00340420910407994 0.00305595494511537 0.00314739352906244 0.00365022141534047 0.00421975572885572 0.0047663956764455 0.00514549458269924 0.0051544816820627 0.00468424867159056 0.00406366328594912 0.00350500377225266 0.00350777247433455 0.00426106184520959 0.00525901280069154 0.00634871286322367 0.00727146688477259 0.00772489544910173 0.00615799358769893 0.00488215755921801 0.00400388611758711 0.00381832734592938 0.0048907885668753 0.00676507489617926 0.00931692168390427 0.0112392716360968 0.0109818910569409 0.00778009861669231 0.00577832020686319 0.00449561862406046 0.00397581882199876 0.00522925069826829 0.0079097697274532 0.01331022050315 0.0370230737578532 0.0140655301627864 0.00956470004305665 0.00664909821387446 0.00490229991798962 0.00391673596685095 0.00504155296688398 0.00696731594110168 0.0102905077605533 0.0165505487613969 0.019097557213313 0.0144792231441331 0.00721450523179677 0.00504336142090398 0.00368764226725645 0.00456105576656045 0.00584769898930797 0.00768610459836221 0.0103802125385382 0.0136832955465595 0.0103096113393462 0.00658486236926727 0.00478408896782106 0.00337385985404967 0.00400814102486738 0.00483388282640187 0.00582245781264779 0.0068576569722251 0.00738420648205357 0.00664374889785648 0.00531621230768944 0.00424157074366059 0.00304003228303497 0.00348705810589363 0.00399820948003958 0.00454416284020544 0.00498212909550153 0.00512194036400475 0.00482924874375168 0.00425595003497699 0.00364327983286676
"5" 0.0029227081898754 0.00327543801132724 0.00363879295743758 0.00395807905954266 0.00416474224964307 0.00414899389999063 0.00392723953232395 0.00358173367459299 0.00321255935122294 0.00327672362266067 0.00380067938374429 0.00439885420616619 0.00498460501748297 0.00541036745659146 0.00544539173768803 0.0049475632748604 0.00428270154726262 0.00368755281868136 0.00364570895368243 0.00442442213831393 0.00546038418154234 0.00661660945881722 0.00765797976256894 0.0082551043695776 0.00653374783282068 0.00515103187325534 0.00421380831136143 0.00396232939721017 0.00506158073814349 0.0069697919173769 0.00961734260985386 0.0117506991359353 0.0117063615895673 0.00823655903129716 0.00609053945828014 0.00472924298967051 0.0041232368845258 0.00540494252127584 0.00811056626872094 0.0136254636542407 0.0382545870623827 0.0147192121509457 0.0100636799843373 0.00699551196323432 0.0051525333066991 0.0040644998707275 0.0052210911184654 0.00719980095289319 0.0106463039473544 0.0172018759747609 0.0199779675176995 0.0153081508137111 0.00758406967506198 0.00529630313231373 0.00383138003972687 0.00473503453125872 0.0060696716705832 0.00798935247202095 0.0108237649308925 0.01432626694859 0.0108250368165562 0.00691213293779275 0.00501951053946049 0.00350953463307976 0.00416858370866591 0.00502923106870943 0.00606491421881561 0.00715718586112334 0.00772364597927066 0.00696007942459693 0.00557244160273726 0.0044462622630669 0.00316538780445098 0.00363111359348851 0.00416524580516013 0.00473829090226417 0.00520145632027348 0.0053545079106873 0.00505388335408728 0.00445671126675429 0.00381621729055925
"6" 0.00290467096055306 0.00325573324070187 0.00361967708306912 0.00394364197223339 0.00414899389999063 0.00416182386398313 0.00393408377592843 0.0035888275352869 0.00321866652657059 0.00325225486341155 0.00377110539434756 0.00436694426026668 0.00495954192350424 0.00540561506737899 0.00546217460901429 0.00496687859609245 0.0042968989133632 0.00369778232206687 0.00361300310210152 0.00437870414295499 0.00539995718120645 0.00655941600031288 0.00765211274919389 0.00833939373042806 0.00658013948417161 0.00517472231410506 0.00422897016686566 0.00392186976457726 0.00499485241303436 0.00684372262503509 0.00944775094645068 0.0116610601659706 0.011804218230188 0.00829145029722789 0.0061223924842004 0.00474955820941959 0.00408022322004446 0.00532965691428431 0.00793278597279889 0.0132801629498692 0.0374054943558501 0.0146856379080846 0.0101257897005779 0.00704023860029976 0.0051787598993265 0.00402636167626986 0.00516139534304208 0.00710170227851702 0.0105109478130922 0.0170871287872994 0.0200875643550382 0.0156022488910874 0.00764829101012373 0.00532667566386676 0.0038016885848 0.00469530764023391 0.00601991643582968 0.00794200827174224 0.0108200776382386 0.0144393925589473 0.0109427589532828 0.00696604391724042 0.00504741043320983 0.00348781482963315 0.00414323729878548 0.00500322583670262 0.00604628006403077 0.00716003899096012 0.00775587780618068 0.00700222951094879 0.00560399732193293 0.0044668773065217 0.00314976300723554 0.00361464157487654 0.00415023899565031 0.00472903654907127 0.00520235270575485 0.00536655468536411 0.0050717587050511 0.00447377730120349 0.00382958424032901
"7" 0.00274921805667748 0.00307999447544356 0.00342347193159771 0.00373050499224057 0.00392723953232395 0.00393408377592843 0.00374288828072796 0.00341006147554172 0.00306187794719461 0.0030757345481785 0.00356322393468408 0.00412367503469954 0.00468358737040097 0.00510900697639163 0.00516989752214691 0.00471127301074358 0.00408439918199564 0.00352012716600614 0.00341426244061806 0.00413111484793878 0.00508667279268933 0.00617782154470384 0.00721718191429235 0.00787682940641971 0.00624168486854349 0.00492441301287228 0.00403109550556278 0.00370462956706684 0.00470574040733096 0.00641971577920386 0.0088516335252161 0.0109675029019171 0.011152393832114 0.00788583146106984 0.00584344253907299 0.00453735060801689 0.00385602318205921 0.00502277955760239 0.00742982853947334 0.012390794587775 0.0348352684193771 0.0139592231620231 0.00971261742612892 0.00675537656877899 0.00496243510394695 0.00381065083980101 0.00487783387820113 0.00670185818010474 0.00992909335678677 0.0162489504698219 0.0193942092768627 0.0152713539919472 0.00737979679427822 0.00511754159872766 0.00360464510350847 0.00445129931757593 0.00571163927310163 0.00755770993917885 0.0103704071872603 0.0139897569623276 0.0106265491560349 0.00672551621144548 0.00485368201778311 0.00331253432235627 0.00393715879702701 0.00476138673039688 0.00577015058492257 0.00686347795487838 0.00746917130214433 0.00675468537374091 0.00539741457551238 0.00429268972836491 0.00299527155082254 0.00344003009686976 0.00395518978897455 0.00451670946341227 0.00498201709633202 0.00515171262822376 0.00487436206814668 0.00429844313023911 0.00367551412670091
"8" 0.00251519083320509 0.00281541399443698 0.00312661824976578 0.00340420910407994 0.00358173367459299 0.0035888275352869 0.00341006147554172 0.0031313597418258 0.00280776704524329 0.00281292321164629 0.0032549639018007 0.00376202358095852 0.0042668399214385 0.00464715082502873 0.00470039374483916 0.00429536237284325 0.00373742340800688 0.00322956767635803 0.00312200274283399 0.00377155618779563 0.0046351487980802 0.00561876485370876 0.00654318214240284 0.00710419370021237 0.00567873809972653 0.00451006713019091 0.00370374687583232 0.00338825102947227 0.00429514375085116 0.00584025685936643 0.00803821067481596 0.0099520810827558 0.0100779448960065 0.00720601199966279 0.00537358426504641 0.00418097461998298 0.00352979431099875 0.00458914257980151 0.00676105654832886 0.0112418065987382 0.0314679774938555 0.0128247231984485 0.00899294400481716 0.006257475732601 0.0045912971423431 0.00349354881914815 0.00446830385338953 0.00613491640281094 0.00910000882669611 0.014980274514875 0.0181434688330176 0.0144435298800154 0.0068837731001828 0.00475148949387431 0.00331034302654702 0.00408874759060151 0.00525219532777615 0.00697056822164998 0.00963239015231953 0.0131349980138079 0.00999335569015657 0.00628228739806889 0.00451330567844024 0.00304658628025675 0.00362380247353991 0.00438958408708858 0.00533468981987695 0.00637346453680392 0.00696710066535201 0.00630881762408963 0.0050305630752531 0.00399028513963114 0.00275780168381919 0.00317020835544561 0.00365029751867193 0.00417783295350284 0.00462026768015146 0.00478852705983036 0.00453481222247892 0.00399654988915756 0.00341253187014746
"9" 0.0022641646472557 0.00253234927400655 0.00280961479358344 0.00305595494511537 0.00321255935122294 0.00321866652657059 0.00306187794719461 0.00280776704524329 0.00254000002804143 0.00253184671295145 0.00292666623909578 0.00337817903741385 0.00382514989341601 0.00415742519778014 0.00420083797448044 0.00384845682386173 0.0033602792664246 0.00291101572174343 0.00281025248865386 0.00339066316720067 0.00416009929482406 0.0050319584900396 0.00583529362859332 0.00629439453178326 0.00507549773575263 0.00405749830059698 0.00334251044715153 0.0030511159190989 0.00386223935774562 0.00523950984681198 0.0071962426115564 0.00888749117058304 0.00894528885013379 0.00646707195048331 0.00485207332819771 0.00378287722569839 0.00318127157821895 0.00413097223895391 0.00607099195449492 0.0100685953497133 0.0280374128135031 0.0115772978571514 0.00816901769732009 0.00568681921463698 0.0041692031196429 0.00315253851645159 0.00403035544406346 0.00553182911894771 0.00821111564261383 0.0135771079000376 0.016641421493269 0.0133409648279871 0.00629424044515063 0.00432830598429652 0.00299122735017648 0.00369567120062611 0.00475193207230275 0.00632184835896381 0.0087859450649021 0.0120870246269986 0.00920564798906161 0.00575321686427575 0.00411733547406505 0.00275604130666362 0.00328045306131398 0.00397914900009146 0.00484711046437283 0.0058116785125446 0.00637604619227595 0.00577894233878923 0.00459922086262337 0.00363965772753201 0.00249686220145118 0.00287252383750581 0.00331156649882249 0.00379708175024984 0.00420807284036258 0.00436922591881509 0.00414039035200658 0.00364666680049038 0.00310981051506891
"10" 0.00235407807994319 0.00263279026391875 0.00291291320838379 0.00314739352906244 0.00327672362266067 0.00325225486341155 0.0030757345481785 0.00281292321164629 0.00253184671295145 0.00265879532460222 0.00306903963571849 0.00353735433619405 0.00396901143075625 0.00423956476334903 0.00421102757680578 0.00383494949166228 0.00334722446102605 0.00290060454626427 0.002961032038642 0.00359966409179593 0.00443754005744261 0.00531230641046254 0.00595986216228029 0.00615216763820139 0.00499443324907301 0.00401539844949915 0.00331436013771376 0.00323275685667878 0.00415647710962735 0.00578669271253055 0.00792052866720384 0.00931135646055133 0.00878673186602131 0.00634928117810865 0.00477208364762153 0.00373079835110217 0.00337162160295171 0.00445707764018534 0.00682783264853664 0.0114665768075833 0.0308837138445077 0.0117257119868368 0.00795168880740082 0.00553322536258996 0.00408518096977428 0.00332066396443368 0.00428774428063921 0.00594464106425474 0.00875597041432995 0.0140245308491325 0.0162128927025105 0.0120768040984696 0.00604080573550403 0.00421914582326931 0.00312289938073313 0.00386843361392474 0.00496455215222141 0.00652043450956378 0.00880766289024021 0.0116341385747505 0.00871233681107125 0.00553713370772765 0.00401359766924455 0.0028538025030066 0.00339298866477707 0.0040938486448453 0.00493071147135318 0.00580713549734084 0.00625010808468073 0.00561052888834079 0.00447640885480803 0.00356402890225021 0.00256873112041339 0.00294792877988266 0.00338075716240592 0.00384250901427956 0.0042116841047584 0.00432683425016721 0.00407392846413502 0.00358403254036618 0.00306307599275117
"11" 0.0027266747023436 0.00305099713468815 0.00337714076463193 0.00365022141534047 0.00380067938374429 0.00377110539434756 0.00356322393468408 0.0032549639018007 0.00292666623909578 0.00306903963571849 0.00356852509675967 0.00410447950129623 0.00460816348091008 0.0049249224710453 0.00489143956398322 0.0044471086326154 0.00387358610394975 0.00335181571122725 0.00343154931023221 0.0041761095707513 0.00515423304015856 0.00617572328681414 0.00693647839072044 0.00717655994249813 0.00579734657569527 0.00464417459195466 0.00382662849298836 0.003746350608411 0.00482394591284783 0.00673201697193621 0.00922240933871356 0.0108370538852861 0.0102381119354487 0.00735203639020074 0.00550668878481142 0.0043003540009662 0.0039051681987621 0.00516987208752598 0.00794408675930312 0.013364980145625 0.0361078939689942 0.0135392879419239 0.00914289079396844 0.0063598333470579 0.00469789197201996 0.00384212603238425 0.0049642076210825 0.00688591965547872 0.0101301684509744 0.0161416593279636 0.0184726805542199 0.0137505574869952 0.00691556370219661 0.00484185537995639 0.00360891533044663 0.004469832232812 0.00573129438149644 0.00751035161516548 0.0100908073104419 0.0132286497771477 0.00991415894557254 0.00633033933456921 0.00460121089385366 0.00329447690479123 0.00391482640860317 0.00471781294748807 0.00567049969840088 0.00665752384727234 0.00714440670405285 0.00641063936070435 0.0051232088448123 0.00408615768694396 0.00296314781332418 0.00339834634334557 0.00389327766834564 0.00441802240418764 0.00483381303610967 0.00495871074920383 0.00466682435249382 0.00410787179538168 0.00351426715296594
"12" 0.00314347965268445 0.00351972571321419 0.00389953067624722 0.00421975572885572 0.00439885420616619 0.00436694426026668 0.00412367503469954 0.00376202358095852 0.00337817903741385 0.00353735433619405 0.00410447950129623 0.0047496206623325 0.00533101012789257 0.00571186509524688 0.00568221441718092 0.00515748341309924 0.00448012945311911 0.00386882051441049 0.00395328835113573 0.00481392689921469 0.00594801798683784 0.00714444797097809 0.00806515770667661 0.00840450310424212 0.00674072981157262 0.00537069208826432 0.00441375486811107 0.00431318828602775 0.00555509753191832 0.00775446871626872 0.0106500893705918 0.012585195863612 0.011974979038411 0.00852313730349993 0.00635197027755004 0.00495147511121693 0.00449282380903135 0.00594750666016429 0.00913320960770836 0.0154064521191311 0.0420973683602262 0.0156103545703395 0.0105039177299417 0.007302512617861 0.00539502866169872 0.00441733913955373 0.00570638308765305 0.00791364937325582 0.0116455962045793 0.0185051224016727 0.0209935751287948 0.0156526082758977 0.00790561173849394 0.00554701382533445 0.00414663011582803 0.00513385110839378 0.0065776808300534 0.00860725500359408 0.0115174205796505 0.0150006393138087 0.0112598090303486 0.00722325787728239 0.00526419607720939 0.00378338275987624 0.00449341756301674 0.0054099814741349 0.00649268684586691 0.00760455727749365 0.00814226413226265 0.00730626321137579 0.0058496703731221 0.00467390994270792 0.00340171231596974 0.00389910141128975 0.00446340441391327 0.00505895481354318 0.00552773281239682 0.00566475355044951 0.00533073850157212 0.0046957544692445 0.00402156248499683
"13" 0.00353177685082538 0.00395818368824861 0.00439285428851605 0.0047663956764455 0.00498460501748297 0.00495954192350424 0.00468358737040097 0.0042668399214385 0.00382514989341601 0.00396901143075625 0.00460816348091008 0.00533101012789257 0.00603045632086029 0.00649136423426961 0.00648985611025726 0.00588249786333513 0.00509078193051549 0.00438344565971439 0.00442774478818351 0.00538945143174077 0.00666434451162991 0.00804623611791452 0.00919602927751904 0.00974487741673945 0.00773117846687496 0.00610770409848242 0.00499954570918952 0.00482223458964534 0.00619684762259173 0.00861705820427159 0.0118854295474977 0.0142696754866184 0.0138518880884709 0.00973857211213131 0.00720426063766995 0.00559911214489843 0.00501811736503432 0.00662296102453878 0.0100931014817103 0.0170625355088659 0.0476253552605096 0.0176247571108607 0.011860314812164 0.00823998341549374 0.00608379712632282 0.0049344875542107 0.0063628446412527 0.00880831395950115 0.0129905247633546 0.0206971970277905 0.0234174005481212 0.0175750033835978 0.00888173389496294 0.00623897034899685 0.00463504822910783 0.00573360262558809 0.00734247908963135 0.00961241663572115 0.012856564349878 0.0167060763502356 0.0125746747588869 0.00809528969629933 0.00591055599150002 0.0042317544159407 0.00502361417459697 0.00604661499465541 0.00725631812726746 0.00849668271660289 0.0090956244496098 0.00817011572818364 0.00655301747657021 0.00524349489458682 0.00380698748250608 0.00436227845665213 0.00499274737464377 0.00565819938941991 0.00618233506274865 0.00633672212397588 0.00596697013281269 0.00526148369210084 0.00451076381443255
"14" 0.00378178575035951 0.00424358561475642 0.00472175939405566 0.00514549458269924 0.00541036745659146 0.00540561506737899 0.00510900697639163 0.00464715082502873 0.00415742519778014 0.00423956476334903 0.0049249224710453 0.00571186509524688 0.00649136423426961 0.00708291572175403 0.00713421877686068 0.00645951390205469 0.00556217665848224 0.0047706312513324 0.00471488112419167 0.00573123458715894 0.00708993652663479 0.00862413710727538 0.0100576740264762 0.0109632860162017 0.00856589858365989 0.0066854347677963 0.00544229779458062 0.00511988782323299 0.00655007301155356 0.00904035439936028 0.0125204597813504 0.0153939372112169 0.0155053975421728 0.010733539863991 0.0078624243305182 0.0060850085678231 0.00532060058983876 0.00698201173473721 0.0104956866521637 0.0177039837255489 0.0503157957162444 0.0189842621226909 0.0128743061607438 0.00894294516325793 0.00659327743382136 0.00523590855515346 0.00672745655812645 0.00927748782227687 0.0137089201768722 0.021998340035728 0.0250916890663203 0.0191036843469121 0.00960444233007449 0.00674398942623884 0.00492698990292686 0.00608535365946948 0.00778834601969594 0.0102156137518961 0.013718844308553 0.0179096641818707 0.0135404815290752 0.00872854932713808 0.00637585559397954 0.00450647636845226 0.00534694489249151 0.00643751989545652 0.00773670256655109 0.00908158748066993 0.00974921826701377 0.00877870703778036 0.00705207778385063 0.00564758400510785 0.00406034015514748 0.00465212620476424 0.00532687835377639 0.0060434891451571 0.00661401327207231 0.00679154814064855 0.00640601971752693 0.00565595464290775 0.00485329955016659
"15" 0.0037652349592877 0.00422798165043368 0.00471334704303058 0.0051544816820627 0.00544539173768803 0.00546217460901429 0.00516989752214691 0.00470039374483916 0.00420083797448044 0.00421102757680578 0.00489143956398322 0.00568221441718092 0.00648985611025726 0.00713421877686068 0.00726387473146354 0.00657015052268978 0.00564143746130554 0.00482759373214263 0.00466983217369982 0.00566567492867717 0.00700475600668426 0.0085666803808635 0.0101602960934336 0.0113415044169123 0.00877516274968031 0.00679482129269222 0.00551239895090289 0.00505819131191791 0.00644035149667473 0.00881923417943501 0.0122264888950099 0.0153180654822113 0.0159630983433489 0.0109626484785718 0.00798550577860853 0.00616345328070265 0.00525189823732854 0.00685148892431932 0.0101624524261538 0.0170235379375139 0.0484685875337797 0.0189760288570691 0.0130541252130586 0.00907282608948054 0.0066762276840278 0.00517489309701637 0.0066246553249379 0.00909770322370583 0.0134488142878474 0.0217698561400671 0.0253062064618396 0.0196749602271068 0.0097534106827827 0.00682676290611207 0.00488106447064558 0.00602002949768923 0.00770270669102553 0.0101325416515259 0.0137174282444325 0.0181271648707415 0.0137717796695352 0.00884844618626625 0.00644783437866483 0.00447504355793577 0.00530866570454853 0.00639775858750961 0.00771065455062179 0.00909632084102298 0.00982017841683842 0.008870427666327 0.00712629593455008 0.00570203912858323 0.00403993592593365 0.00463033722506268 0.0053080251542152 0.00603572264292789 0.00662584914311659 0.00682515368351921 0.00645162220473978 0.0057009589832082 0.00489173824783361
"16" 0.00343170912732546 0.00384909066092874 0.00428654141877401 0.00468424867159056 0.0049475632748604 0.00496687859609245 0.00471127301074358 0.00429536237284325 0.00384845682386173 0.00383494949166228 0.0044471086326154 0.00515748341309924 0.00588249786333513 0.00645951390205469 0.00657015052268978 0.00598438745996584 0.00515472470409375 0.00442657282739716 0.00425025013807903 0.00514371915194179 0.00634173597907099 0.00774045038432788 0.00915931796038301 0.0101824157471455 0.00796308341808123 0.00621813282678882 0.00506577586200269 0.00460371463209883 0.0058409898006224 0.0079524005595863 0.0109937837431364 0.0137935636146257 0.0143573886326277 0.0100066357066103 0.00735057637450031 0.00568816090379784 0.00478556395123137 0.00622138766244225 0.00915800880542101 0.0152549220513485 0.0431910203400716 0.0174138839247489 0.0121394461096481 0.00844103256894262 0.00619831745099736 0.00472658114829405 0.0060409289920127 0.00828361086205957 0.0122655630817767 0.0200625432890598 0.0238864309016757 0.0189600503270443 0.00917088607345724 0.00637098344431458 0.0044706597926824 0.00551473776701117 0.0070675983340451 0.00934219914001531 0.0127939864392207 0.0172055830799178 0.0131056414600495 0.00833351538442172 0.00602983930334867 0.00410883547916548 0.00487962127055292 0.00589566000909158 0.00713795316841662 0.00848083647919198 0.00922257851260836 0.0083489861650491 0.00668644399610549 0.00532844488732579 0.00371612863336892 0.00426517019826421 0.00490067801163243 0.00559243816146345 0.00616515994826065 0.00637424124065278 0.00603475589507607 0.00532815723890531 0.00456221689116386
"17" 0.00299531643438091 0.00335395038599096 0.00372746343737068 0.00406366328594912 0.00428270154726262 0.0042968989133632 0.00408439918199564 0.00373742340800688 0.0033602792664246 0.00334722446102605 0.00387358610394975 0.00448012945311911 0.00509078193051549 0.00556217665848224 0.00564143746130554 0.00515472470409375 0.00448952998493139 0.00386698642223886 0.00371132426115866 0.00448117066295469 0.00550717257433351 0.00669010791547961 0.0078384285937336 0.00858354480469451 0.00683290814603334 0.00540935015690702 0.0044358436720467 0.00402413750795219 0.00509351921095987 0.00690818484830752 0.00951294658098297 0.0118614516129465 0.0121542816446586 0.00865997916167575 0.00644221497749384 0.00500661720458215 0.00419054410209134 0.00543776393573665 0.007974809243717 0.0132327334826998 0.0371745416987569 0.0152963307682645 0.0107761660870169 0.00749690746051195 0.00549583331708077 0.00414872036972894 0.005299810695982 0.00726637410376411 0.0107782012459105 0.0177818063885896 0.0216244073598268 0.0174265825951463 0.00824547655396778 0.00568491289547032 0.00393366631937518 0.00485603121657186 0.00623614866326478 0.0082813222237745 0.0114610354222095 0.015662875127276 0.0119486340531419 0.00751374757214374 0.00539616787114408 0.00362262585235347 0.00430824425182934 0.00521917869754461 0.00634640513878692 0.00758992605444974 0.008307807744204 0.00753200164280311 0.00600953775123095 0.00476743152120741 0.00328109068455802 0.00377170293512442 0.00434372593435969 0.00497371000601459 0.00550424136782544 0.00570935778644692 0.0054109177656039 0.00477110163416357 0.00407498479533363
"18" 0.00259545506695148 0.00290262329954012 0.00322089680512744 0.00350500377225266 0.00368755281868136 0.00369778232206687 0.00352012716600614 0.00322956767635803 0.00291101572174343 0.00290060454626427 0.00335181571122725 0.00386882051441049 0.00438344565971439 0.0047706312513324 0.00482759373214263 0.00442657282739716 0.00386698642223886 0.00336097889676822 0.00321748574186194 0.00387880398782279 0.00475596853552996 0.00575625866814102 0.00669193413938957 0.00724231869231343 0.0058429945427647 0.00467275989490366 0.003850198617974 0.00349160631786117 0.00441294047619018 0.00597107013714863 0.00819922675437398 0.0101660688386304 0.0102887431846597 0.00745091251982269 0.00559423441133985 0.00436138999088562 0.00364070161101739 0.00471928117870132 0.00690773507741347 0.0114320622843866 0.0318638733470539 0.0133026453260348 0.00943874445528434 0.00657061130467744 0.00481230009288677 0.00361019870101878 0.00461087283490381 0.00632181500531847 0.00938731488558026 0.0155677117721906 0.0192149909827157 0.0156002053894549 0.00728850733931308 0.00500031195618496 0.00342864657961716 0.00423499041841879 0.00544626255082052 0.00725461301443902 0.0101125756017141 0.0139763064059911 0.0106725206123325 0.0066577962957525 0.00475667142989901 0.00316180494420128 0.00376390805188326 0.00456810529479322 0.00557120872683769 0.00669301397860938 0.00735938705604309 0.0066787008692007 0.00531419175900269 0.00420230716952774 0.00286644579822953 0.00329862288379458 0.00380496407091448 0.00436700483143556 0.00484568279541791 0.00503747738047889 0.00477742331293421 0.00420841692672471 0.00358792521609534
"19" 0.00262889861345805 0.00293972806139112 0.00325050088419485 0.00350777247433455 0.00364570895368243 0.00361300310210152 0.00341426244061806 0.00312200274283399 0.00281025248865386 0.002961032038642 0.00343154931023221 0.00395328835113573 0.00442774478818351 0.00471488112419167 0.00466983217369982 0.00425025013807903 0.00371132426115866 0.00321748574186194 0.00357530301250002 0.00431251919615096 0.00527073646418414 0.00623581414650577 0.00689983424146702 0.00678680834404093 0.00552214015953041 0.00444787643261833 0.00367425677935606 0.00392808854569847 0.00503008079063514 0.00692678575764082 0.0093099541718695 0.0107294574395113 0.00999072081935289 0.00702057010959987 0.00528368694623413 0.0041340385839175 0.00415399139578282 0.00550593667949613 0.0083434850680442 0.0135690101061507 0.0349980482632787 0.0133754628552875 0.00907698072443722 0.0061229912046886 0.00452482807237954 0.0041611015438715 0.00550577508026288 0.00794918406902589 0.0109464577790951 0.0162558412186496 0.0183626271667905 0.0135745387572595 0.00667797886109334 0.00467189188026885 0.00395328171610076 0.00510291316348332 0.00765539199867129 0.00888931415163742 0.0104738995157544 0.0132960575981973 0.00992834462810211 0.00612429634132458 0.00444518064035119 0.00359876679372162 0.00437944096879758 0.00540440751264144 0.00628627507978466 0.00700053816038925 0.00731573822743824 0.00650581738557072 0.00495787112768159 0.00394977427631601 0.00320499032651047 0.0037081040193027 0.00425432679259726 0.00475493257624557 0.00508507406871661 0.0051275217730601 0.00478153762604096 0.00397421902482977 0.00339715346138864
"20" 0.00319244688193631 0.00357181688755239 0.00395007821560928 0.00426106184520959 0.00442442213831393 0.00437870414295499 0.00413111484793878 0.00377155618779563 0.00339066316720067 0.00359966409179593 0.0041761095707513 0.00481392689921469 0.00538945143174077 0.00573123458715894 0.00566567492867717 0.00514371915194179 0.00448117066295469 0.00387880398782279 0.00431251919615096 0.00523907315482353 0.0064066973015533 0.00758283692498742 0.00837567990661633 0.00825110165070763 0.00668109367747466 0.00536335167227765 0.00442301415701772 0.00475095404798232 0.00610694568163325 0.00846626257111893 0.011397192876763 0.0130591983259442 0.0121040871745514 0.00846781099341221 0.00635110588668286 0.00496491207840311 0.00501584088941668 0.00667117485607495 0.0102034598773513 0.0166756972453292 0.0429528513670562 0.0160835897485564 0.0108334299032273 0.00732176583580079 0.00541717815357159 0.00500857397975827 0.00662616147603324 0.00955073957784009 0.0131814361736641 0.019481615893036 0.0216793004738073 0.0159673362570357 0.00794160114319688 0.00557785217064628 0.00474397034862891 0.00610575792638264 0.00905646462800387 0.0105589173730607 0.0124437549449621 0.0156428955426692 0.0116870361335757 0.00727239225542008 0.00530086084662288 0.00431117393928536 0.00523396180394388 0.00643715307941236 0.00747983855407928 0.00831738557436132 0.0086652551061164 0.00770194661202568 0.00589960428044235 0.00471220708444149 0.00383673405314716 0.00443212015760665 0.00507641114705262 0.00566546733744529 0.00605045985371697 0.00609274542982699 0.0056794966127476 0.0047409741037604 0.00405822367202997
"21" 0.00393302939609679 0.00440379746987318 0.00487333498987621 0.00525901280069154 0.00546038418154234 0.00539995718120645 0.00508667279268933 0.0046351487980802 0.00416009929482406 0.00443754005744261 0.00515423304015856 0.00594801798683784 0.00666434451162991 0.00708993652663479 0.00700475600668426 0.00634173597907099 0.00550717257433351 0.00475596853552996 0.00527073646418414 0.0064066973015533 0.00831083128782089 0.00979010978092407 0.0107691616373998 0.0106456146396839 0.00824674558186487 0.00658424968534306 0.00541514385567554 0.00580126550957167 0.00796102533329478 0.0110180341177295 0.014746190414688 0.0167586893949381 0.0154663614465072 0.0108047262346098 0.00776737233871603 0.00606188832206603 0.0065532558548604 0.00875354880252975 0.0134357759899747 0.0218172029823043 0.0547756341637439 0.0202788099680833 0.0135759955376831 0.00889570680434548 0.00658829291822607 0.00655551397391584 0.00873371524989159 0.012853408133914 0.0198297617393819 0.0250608553701726 0.0266141852428574 0.0195108608162125 0.00958267445241205 0.00675989634312787 0.00620305989572847 0.00801683882965584 0.0118231051009964 0.0143969189241996 0.0160939160376443 0.0192765721303274 0.0143846197509525 0.00875572191536056 0.00641327732293471 0.00562245173822097 0.00684038530293748 0.00842360840661538 0.00978707275798318 0.0106986217879615 0.0109227905205041 0.00964187094157396 0.00711748599405564 0.00570243854330592 0.00463401417588798 0.00576686296544179 0.00660144586593037 0.00733757828856778 0.0077678439190858 0.00774623655923803 0.0068208370763198 0.00573484446284136 0.00491739239489989
"22" 0.00471596282638433 0.00528698520111876 0.00586362082268455 0.00634871286322367 0.00661660945881722 0.00655941600031288 0.00617782154470384 0.00561876485370876 0.0050319584900396 0.00531230641046254 0.00617572328681414 0.00714444797097809 0.00804623611791452 0.00862413710727538 0.0085666803808635 0.00774045038432788 0.00669010791547961 0.00575625866814102 0.00623581414650577 0.00758283692498742 0.00979010978092407 0.0116562815259373 0.0130147734721384 0.0131740879528748 0.0101305285206971 0.0080049591079908 0.00655044968096084 0.0068416157517653 0.00930971590837296 0.0128571913459284 0.0173917163685205 0.0202505998700337 0.0190508027520135 0.0131486901142197 0.00940901208037696 0.00731460226878343 0.00765019459153601 0.0101828153189953 0.0155209289167307 0.0255243207858663 0.0674655411178925 0.0243807591703259 0.0162112860825204 0.0106959279516797 0.00791698318461198 0.00763394857997847 0.0101178972509134 0.0147757666226621 0.0228377827254792 0.0296361457805699 0.0312947367658463 0.0230223979893903 0.011438463974638 0.00809087728075287 0.00721651929619114 0.00926873675470543 0.0134253484365214 0.0165154143313382 0.0187956354136003 0.0225235737250193 0.0168616194694593 0.0104151142377928 0.00765682040886527 0.00654704878499557 0.00793570151859101 0.00973717499564501 0.0113501433349403 0.0124869115980388 0.0127885420029797 0.0113148556967774 0.00846864016319039 0.00680244737306985 0.00544728524640445 0.00671608631816381 0.0076829829261288 0.00855254955457267 0.00907946658143892 0.00907620395825073 0.00805275484933872 0.0068310282858256 0.00586703262355598
"23" 0.00531588961433709 0.00597422236231108 0.0066595341665405 0.00727146688477259 0.00765797976256894 0.00765211274919389 0.00721718191429235 0.00654318214240284 0.00583529362859332 0.00595986216228029 0.00693647839072044 0.00806515770667661 0.00919602927751904 0.0100576740264762 0.0101602960934336 0.00915931796038301 0.0078384285937336 0.00669193413938957 0.00689983424146702 0.00837567990661633 0.0107691616373998 0.0130147734721384 0.01558427780596 0.0166800259142944 0.0121968143282208 0.00941075748865141 0.00761665305915747 0.00752220467294483 0.0100920316255391 0.0142120840693432 0.0193945453586343 0.0236730380826997 0.0238349180874619 0.0161516556386973 0.0114588296152538 0.00847443560137895 0.00831478299588021 0.0109557910654071 0.0168395955138979 0.0276423008880541 0.0759377926987142 0.028824090680056 0.0193815715016397 0.0129144187132289 0.00911669705224202 0.00828860179209765 0.0108876035668528 0.0162745652178873 0.0251835567036554 0.0346515306964656 0.038192224930106 0.0273172040574722 0.0137244476903487 0.00971331242558993 0.00784796078717728 0.0100060469185054 0.0147989422604537 0.0185425344009624 0.0221331274889483 0.0268891601300408 0.0199105316971812 0.0124601674343017 0.00872979229085064 0.00714373992120588 0.00862606530123869 0.0110272228320355 0.0129919914339407 0.0145581039190776 0.015056872058799 0.0133304596205309 0.0101222677661254 0.0077348715094119 0.00601679474814822 0.00734562737229544 0.00840632857777569 0.00985679122532553 0.0105555925968515 0.0106196944434123 0.00953061204652619 0.00773987719916527 0.00665950851077857
"24" 0.00552045470905464 0.00622766047867798 0.00699235542164895 0.00772489544910173 0.0082551043695776 0.00833939373042806 0.00787682940641971 0.00710419370021237 0.00629439453178326 0.00615216763820139 0.00717655994249813 0.00840450310424212 0.00974487741673945 0.0109632860162017 0.0113415044169123 0.0101824157471455 0.00858354480469451 0.00724231869231343 0.00678680834404093 0.00825110165070763 0.0106456146396839 0.0131740879528748 0.0166800259142944 0.0196172358452817 0.0138880587385847 0.0103482552257108 0.00824093515152358 0.00730671629946052 0.00971655708358879 0.0136361612160545 0.0188396123491574 0.0242560803879901 0.027164124211312 0.017923980104191 0.012437854973851 0.00911522995857767 0.00794525404226402 0.0103438919710982 0.0156776157728299 0.025691312920668 0.0705899716032926 0.0292166494883171 0.0202160719674275 0.0137715326212632 0.00971618006757729 0.00783975875489201 0.0100755610472983 0.0146364228891392 0.023262139901734 0.0336426526441191 0.038613656339198 0.0286375794878159 0.0144765001725156 0.0102506623895047 0.00739469510362068 0.00916817256847866 0.0124497115829919 0.0166864471052394 0.0215734824010995 0.0271633680410633 0.0203610477110506 0.0130499140287766 0.0091756042763229 0.00676425287178628 0.00803990550052324 0.0101762391866566 0.0122253884975341 0.014179155728384 0.0150059017814433 0.0134412096766476 0.0105515686673323 0.00809650001784376 0.00576943254303458 0.00697420171840162 0.0079746909494262 0.0094752351395823 0.010311928073397 0.0105236684609036 0.00957442478794916 0.00805692209965445 0.00695191616644253
