"V1" "V2" "V3" "V4" "V5" "V6" "V7" "V8" "V9" "V10" "V11" "V12" "V13" "V14" "V15" "V16" "V17" "V18" "V19" "V20" "V21" "V22" "V23" "V24" "V25" "V26" "V27" "V28" "V29" "V30" "V31" "V32" "V33" "V34" "V35" "V36" "V37" "V38" "V39" "V40" "V41" "V42" "V43" "V44" "V45" "V46" "V47" "V48" "V49" "V50" "V51" "V52" "V53" "V54" "V55" "V56" "V57" "V58" "V59" "V60" "V61" "V62" "V63" "V64" "V65" "V66" "V67" "V68" "V69" "V70" "V71" "V72" "V73" "V74" "V75" "V76" "V77" "V78" "V79" "V80" "V81"
"1" 12068.536200705 2337.03669246877 2625.39276830309 2892.69444097949 3063.79361320831 3043.85482223922 2809.28416062913 2489.25758485485 2184.23402118679 2327.39820757439 2726.26247929957 3212.41374780479 3746.2451349188 4179.09373030823 4266.00415240576 3609.3772000628 2967.72090217413 2484.39571271775 2595.23633161275 3175.70690914987 3997.45741450483 5285.67493667414 6239.95317812475 7393.9510522415 4691.02907991596 3498.98966180635 2786.1311739365 2831.19117076804 3629.1811053395 4974.1313448008 6933.92398023231 9539.00756744638 8555.44716292837 5563.3039264551 3973.96420541035 3036.25921025515 2974.99222894571 3931.45007444107 5773.29055992414 9785.93257103422 15304.8882616802 9792.87461111066 6801.1358222294 4329.28907032219 3171.95582854327 2980.3847490321 3986.1331852387 5807.21048418112 8258.27739452019 9131.48247552414 8402.63220720228 7288.17103585563 4271.97222925335 3121.32886328131 2828.62346603455 3746.68487559106 6072.51600261773 6348.56461634519 6776.94213656262 6381.1574398581 4969.44138587662 3703.04430830389 2887.93875408723 2551.33787417044 3132.72423783875 3859.92950599538 4380.39418362119 5006.32352613377 4549.25600358835 3807.13876610257 3105.22457740101 2575.29013828178 2246.33794603972 2594.79143083431 2954.60544154454 3243.32435502847 3393.84520770263 3273.92899553707 2965.88369341146 2600.56023664055 2264.01781013001
"2" 2337.03669246877 12642.9564659834 2972.54102065467 3279.15822349873 3476.2972116697 3454.17333590517 3185.18560969196 2818.69982052062 2470.46020452259 2628.82989305318 3083.10777482698 3639.10828506343 4252.68123498411 4752.6310818529 4855.31333776822 4098.351719862 3361.66935118855 2809.6678071507 2929.495942217 3589.58650350052 4528.69698567673 6014.21601439497 7116.30253243323 8460.27794122268 5330.20961591773 3961.46804745121 3148.8463482523 3192.10941419755 4096.65795898238 5627.95275424484 7872.61323134866 10884.4489577218 9747.90088729182 6300.88495893972 4489.84718514826 3426.89770363322 3348.33709026208 4426.32067077261 6511.00780837826 11075.5702901192 17283.5188696174 11016.0676194848 7647.49769364567 4875.88933526991 3573.76360780998 3347.48584599652 4470.2941745568 6497.05444072736 9227.091271873 10213.4314311486 9414.67726662298 8165.60077555914 4799.85967018273 3511.18021535795 3172.16352566563 4189.83096228192 6742.72063110532 7067.81633740019 7545.54938665527 7120.37158377081 5563.24520263787 4155.28646116733 3245.06678613254 2859.8437002552 3504.65768640149 4308.90274732052 4886.16301323621 5570.41212567878 5076.55864133365 4260.22628131968 3482.38541650345 2891.91620341001 2518.35900811334 2905.59805937424 3304.91835892722 3625.17353800532 3791.96993597383 3661.22933534077 3321.51180243115 2916.42641233432 2541.72945682323
"3" 2625.39276830309 2972.54102065467 13348.0620696783 3699.06360330612 3926.11198196312 3902.11646738118 3594.66650854359 3176.26551940509 2780.06312394991 2952.05945983706 3467.19282861742 4101.01509769964 4805.01682615356 5382.35357046798 5504.50435388203 4633.59899019375 3789.89496551642 3161.52810854249 3286.88125017943 4033.69197915522 5102.75796173155 6813.78078001322 8086.42780100486 9653.09116938326 6031.71911715384 4463.70309867043 3540.59523559558 3576.231815623 4595.14482058702 6328.2387415722 8890.38509432967 12374.4696690174 11066.6070885533 7103.31334822358 5046.91432309398 3847.24575784589 3743.3284329078 4949.24295354692 7290.45731830487 12443.4931624167 19389.035796265 12319.1842827076 8549.41945023981 5460.85672495778 4003.94832572253 3733.44414827066 4976.0177853792 7210.55545750594 10224.9461409016 11339.1472951951 10481.3435051967 9091.30366389302 5360.81636759313 3926.5706427019 3531.80699994819 4648.89534100029 7417.79035821746 7801.50627693929 8333.3988542774 7888.96866612388 6187.44707207738 4633.68905649575 3624.19273219999 3182.57553634986 3891.04905236101 4771.85276588405 5406.96699111362 6147.27574928192 5623.69796319045 4735.06543995473 3880.26850389193 3227.21366119099 2803.29250976787 3229.89363808856 3669.228573191 4021.64728618147 4205.40342091644 4065.291231409 3694.62122257404 3249.35882354967 2835.42257532766
"4" 2892.69444097949 3279.15822349873 3699.06360330612 14093.7186749274 4351.04981438475 4326.25887483396 3981.52022866653 3512.58117773751 3070.03377041052 3251.08730768029 3823.96306817988 4532.75578320711 5325.74603879763 5981.90247871559 6126.60546074546 5142.60778570887 4193.53264053342 3491.14389286633 3616.33009929327 4444.59974053674 5637.68451596123 7569.40342327958 9017.16179319246 10820.2326860477 6701.35578608967 4936.61077571789 3906.88172804368 3928.43122577261 5053.01256096268 6974.20828294282 9841.18607151157 13801.5609225247 12336.5330006174 7860.80886421439 5567.69977318319 4238.42960028608 4103.02186156728 5424.60167950969 7998.5402936446 13692.2671466676 21317.0070577933 13517.8535816072 9379.13764188768 6001.33925534257 4401.67808927561 4082.38533860658 5429.65704679774 7843.00181632193 11105.0975691837 12343.0407651947 11445.5841428556 9929.76129430728 5874.21688142316 4308.27255626128 3855.35508537562 5056.68769952612 7996.87152014669 8440.94105902277 9023.87912871395 8574.9263812719 6751.43646063721 5069.30435315269 3971.019112704 3472.69206260967 4235.50309678496 5180.81288114668 5866.2094251327 6651.50115096257 6110.97400578334 5162.9125446356 4241.53446253852 3533.07276844526 3059.84313153689 3520.52588532744 3994.41939088422 4374.85353003574 4573.78938360023 4427.39927916586 4031.25226710021 3551.3923612653 3102.9268112832
"5" 3063.79361320831 3476.2972116697 3926.11198196312 4351.04981438475 14630.6337425881 4606.84941955812 4236.90281965842 3733.25479306761 3259.140201416 3441.90199220174 4052.67611999783 4811.44213538155 5665.50506876931 6380.14703176818 6546.07599400257 5482.30473916628 4459.39558959179 3706.26286827528 3825.52648980272 4706.56090359138 5980.90790279849 8057.55261609146 9638.4944487434 11634.5998874555 7151.27634127719 5247.82879604633 4145.35945355841 4150.50386617833 5342.32466181408 7384.43226130959 10452.1522259188 14747.3715689699 13199.5200722613 8361.72853614701 5906.95624666538 4491.41573645325 4327.73815487664 5720.96720689936 8440.60331158801 14482.0422016468 22534.7301632452 14283.2106329201 9908.84354361122 6347.31218093484 4656.41729455769 4298.15011229408 5706.94606800449 8222.86197722067 11630.5263942829 12951.0287725576 12040.1626829511 10450.0791331305 6197.96370974448 4550.50626495771 4053.96317567223 5302.14549900546 8325.65797877894 8814.45169234351 9431.05009571722 8993.91070220996 7101.17092107964 5342.13974162076 4189.7016715374 3650.59630686379 4444.03862709528 5424.89918567219 6139.61430382252 6947.37981061934 6407.16888897871 5427.30708266 4466.96916160665 3725.1460722824 3217.57544040634 3697.96567051803 4191.77666032286 4588.62779049803 4796.95463145696 4648.98008358673 4239.39812052441 3739.58654574591 3270.53521472473
"6" 3043.85482223922 3454.17333590517 3902.11646738118 4326.25887483396 4606.84941955812 14585.2735491262 4217.44663758935 3715.65753585018 3243.25064334756 3418.6862364808 4025.72809768981 4780.51020395578 5631.91784155749 6349.28731142441 6521.45873187168 5460.35078851544 4439.69786558354 3688.80149025502 3798.55285113541 4673.29848661216 5939.02690193685 8000.89281067592 9591.46293178186 11613.0639822778 7126.29158060143 5225.68211295321 4126.24621372223 4119.79280207342 5301.74350439143 7326.62240707714 10374.3882265832 14666.4377405085 13159.0429218595 8330.97245042181 5882.051854481 4470.73695083608 4294.2614001386 5674.57208208335 8367.52163005014 14354.5473218408 22378.1165922402 14228.5232513779 9874.52459242057 6320.20194060779 4634.61507544556 4263.74008204138 5657.82590932591 8145.94049967982 11523.542233973 12855.4755310424 11982.2345803691 10412.8453269297 6170.15705868253 4528.40196268106 4021.0972523856 5255.0069490383 8235.98064610066 8731.32900025289 9352.70786291617 8947.96522508414 7067.96338802124 5315.73618125681 4168.21298212893 3621.51294001921 4406.64375913752 5377.20574289176 6087.04281075372 6887.10284406941 6367.59813039676 5397.49844449678 4442.739320248 3704.90707503967 3192.74844018808 3668.71383679187 4158.29999954514 4552.64019593813 4761.15432858302 4618.07272312032 4213.71756897782 3717.87044176091 3251.87874920645
"7" 2809.28416062913 3185.18560969196 3594.66650854359 3981.52022866653 4236.90281965842 4217.44663758935 13883.5551341099 3426.74771195753 2995.02489339879 3155.27549150987 3711.28266798786 4400.59150440828 5175.59119913225 5826.09814254095 5980.5805207865 5021.3298103364 4094.08436910304 3407.76074891154 3506.97240113602 4308.57279704567 5464.28351164192 7336.5405438996 8778.05779744023 10592.6416929302 6551.10850742159 4823.68709738586 3816.00591649877 3806.55784692332 4891.41960055134 6741.79165730324 9520.7933263075 13417.2482947814 12063.893908846 7693.15182197456 5446.26038512082 4142.74795074577 3973.40284422975 5245.95283883337 7715.50270341448 13178.444703067 20682.448216297 13266.1517734825 9218.23306470416 5879.33726074675 4305.04124849215 3952.47732870143 5248.85041130653 7568.56040591536 10726.7371007187 11999.4347000146 11227.4838891689 9781.4289988561 5757.9398441835 4214.36596515228 3733.34089144733 4888.51878048418 7701.76334441547 8158.73657740257 8756.17736017346 8403.69857847146 6621.36997147166 4962.73997921416 3882.49010802724 3364.94594995655 4100.70550470409 5013.42944846751 5682.82025333555 6447.015949347 5966.28935125089 5048.3760458537 4145.63380019548 3451.31913470076 2967.26658193494 3413.19308386064 3873.17127000692 4245.30673549086 4444.68988939149 4312.94450092835 3933.06604653295 3466.27716006581 3028.44405659511
"8" 2489.25758485485 2818.69982052062 3176.26551940509 3512.58117773751 3733.25479306761 3715.65753585018 3426.74771195753 13030.3180685983 2653.62130471641 2796.22433653491 3283.57670448569 3885.04303073841 4557.37861038616 5116.39983336008 5244.58885064262 4420.98904175627 3619.34301492274 3020.59700329504 3109.72022786593 3813.18354804561 4822.14472396695 6444.72626413732 7680.82158564269 9208.79176467092 5763.43543971166 4269.70381804267 3387.2995445268 3379.6378888941 4334.33680786951 5952.70984621712 8373.74920407485 11737.2180890638 10570.0080232864 6810.91621932954 4841.06216435982 3687.25942941407 3535.29675563003 4662.64317545882 6834.59996875994 11602.7638240583 18358.6568246633 11897.7824269752 8280.43674536297 5259.4964614956 3844.63566648557 3526.16334550727 4689.02963147715 6777.70536375931 9629.37321592304 10803.7340632359 10148.0128944307 8861.40156255039 5173.98079144802 3773.88032481894 3337.97841869491 4384.22310144132 6962.55179249747 7363.90767285177 7921.45528041735 7623.06004464031 5983.22734824616 4463.68535999592 3481.44251348647 3011.60943430754 3678.60432939404 4509.98396049526 5121.3329513826 5832.96687624575 5397.85111849236 4554.23749266032 3727.3988560552 3095.88859910675 2656.25913887819 3060.16094548531 3478.28931738435 3818.34732221666 4003.24836300269 3885.23976409265 3539.06559240219 3113.6113274081 2715.9520910384
"9" 2184.23402118679 2470.46020452259 2780.06312394991 3070.03377041052 3259.140201416 3243.25064334756 2995.02489339879 2653.62130471641 12327.6602219327 2453.96838628519 2877.48275600368 3397.97897851703 3976.62806445345 4453.33396615895 4558.70231795477 3856.30162966994 3168.39550202787 2650.42685789092 2730.61364834952 3342.67207450753 4216.36724570535 5611.96660298191 6663.78002743737 7941.55439116727 5023.40098747497 3741.54351581243 2975.7342972444 2971.06339072295 3803.92381819346 5208.04732205202 7300.331513279 10180.8028370794 9178.68896038488 5968.24519235638 4257.26108647245 3246.6461536806 3113.84736704148 4103.26734704467 5997.53810227633 10127.5515227486 16126.4980893856 10537.1154054201 7343.20735607469 4650.13711185923 3394.9606365723 3113.20972970625 4145.05979739826 6004.47737637643 8548.28776946983 9612.94819904283 9053.57815520391 7914.82542928866 4592.32625751714 3340.40875371127 2952.72452176646 3888.85889454868 6219.26909035788 6568.42991787352 7080.85063324773 6826.38967579821 5338.03752290316 3966.2631626891 3085.54410650162 2666.30104048793 3263.52890611808 4011.00355556662 4562.09508978233 5215.32709151585 4823.92113991857 4058.64773282398 3311.72338634866 2744.99580616682 2352.07062961962 2713.43219541963 3088.6856700037 3395.28474969419 3564.03731102119 3459.00309799959 3147.24237284871 2764.41410201702 2407.8667136266
"10" 2327.39820757439 2628.82989305318 2952.05945983706 3251.08730768029 3441.90199220174 3418.6862364808 3155.27549150987 2796.22433653491 2453.96838628519 12619.3474951633 3067.44512553119 3612.55508641233 4209.52046347975 4692.4014368709 4787.96110649912 4052.13150013996 3332.91352765298 2790.8169188922 2921.9594745917 3574.9971969117 4497.58976964126 5936.4382118439 7001.27059093188 8288.38499306368 5264.55340699213 3928.96167400193 3129.49526251606 3189.2662660551 4088.949887948 5605.0574722876 7803.41672452497 10703.358267044 9596.52415665768 6244.48033101483 4462.24742700604 3410.36632483891 3352.96283988379 4433.25079411181 6516.15208221673 11054.5227097098 17243.8585803755 10999.19728731 7634.6401824494 4861.05020402612 3562.85342191537 3360.32222285569 4497.88010417658 6559.48790706869 9327.48487679662 10285.062920514 9431.48956775769 8175.91857803736 4796.67714415759 3506.34173902368 3189.62524607512 4228.99525735794 6869.7303439392 7169.80622286933 7639.24120133005 7168.07363748782 5579.87648282498 4159.64061154403 3244.9511691323 2876.41691896714 3533.81552292534 4355.9787467562 4941.07224830454 5644.93192273728 5116.6112893195 4278.98751237321 3490.01436172745 2894.5838560766 2531.74082346471 2925.12320667848 3330.91280255692 3655.41791482149 3822.93214552 3684.49323393831 3335.73005667176 2924.12741827997 2545.49634258451
"11" 2726.26247929957 3083.10777482698 3467.19282861742 3823.96306817988 4052.67611999783 4025.72809768981 3711.28266798786 3283.57670448569 2877.48275600368 3067.44512553119 13597.7778884818 4246.16240869012 4960.31267097431 5540.92427526093 5658.45845135819 4774.64105328459 3915.34154285117 3271.91811401256 3419.32807885861 4190.95517835462 5287.75752678329 7016.96372087191 8296.68959667723 9859.02680570248 6208.10756946084 4612.36272421822 3665.79901327483 3726.85316638132 4786.05125611695 6581.57297298724 9202.26586978727 12693.9418868677 11355.4896146878 7333.215153105 5224.3063135155 3987.81336334637 3909.43730573873 5172.1449273817 7621.7640541433 12995.2993058264 20197.2587868362 12804.7711889433 8882.28158953658 5668.09142211625 4156.71504375285 3907.54544622179 5220.6777166819 7591.14005841383 10775.6491543194 11893.1292011755 10924.9124818828 9467.49361418316 5575.97574545129 4082.57619015935 3701.54801900744 4890.16076894574 7872.05895322104 8242.82458535703 8781.92512905537 8259.48784713285 6456.22032018056 4827.85252466254 3773.04891934596 3335.83650288562 4088.00867033505 5025.12873329752 5694.12294596123 6483.87163728747 5897.1296146189 4949.00576097852 4047.91510780727 3363.08926117791 2936.54476855407 3387.71389036522 3852.2097404388 4223.24422837685 4414.24326121477 4258.7315512087 3862.45052781822 3391.81506471629 2956.68325710954
"12" 3212.41374780479 3639.10828506343 4101.01509769964 4532.75578320711 4811.44213538155 4780.51020395578 4400.59150440828 3885.04303073841 3397.97897851703 3612.55508641233 4246.16240869012 15026.8405976713 5894.51183286903 6604.48104701814 6752.26361258503 5675.38957509056 4635.37196485105 3863.19367934345 4022.07436053041 4941.01123330492 6259.42960814965 8376.8416289518 9939.64777548315 11866.561206801 7387.82866228476 5456.1448353812 4323.62562035162 4374.419975208 5627.76801801252 7767.32791386456 10930.2006025603 15223.1166961945 13575.7941736845 8680.1116125714 6158.73231478285 4692.90841107465 4574.59926561275 6053.72383885623 8939.42484646132 15315.2116497539 23749.9635888328 14979.9415151959 10386.3147673008 6647.03106514433 4877.411971785 4556.45252772637 6070.58725092115 8788.82947648676 12447.4835108841 13775.9784917509 12705.1358670055 11007.839947137 6513.33683382999 4777.7990777075 4305.34029273646 5659.64126057436 8997.96643914199 9467.46203747343 10094.6379395173 9535.16004445077 7495.64183987086 5626.84588162007 4407.24355934276 3877.22835908806 4735.36116017538 5799.40486397106 6564.05702015243 7444.90392460103 6807.08118918078 5740.31646633968 4712.52714354951 3923.91538372989 3414.3740931984 3931.06966487559 4461.97439665902 4886.12546477165 5104.68647118427 4933.10956833766 4485.45633965631 3948.30697782588 3448.03124601109
"13" 3746.2451349188 4252.68123498411 4805.01682615356 5325.74603879763 5665.50506876931 5631.91784155749 5175.59119913225 4557.37861038616 3976.62806445345 4209.52046347975 4960.31267097431 5894.51183286903 16945.4073064497 7814.45728482594 8004.11711088236 6696.11775246975 5442.23054509961 4520.59589772391 4678.89874358842 5762.59314461181 7335.25036348515 9919.59230097989 11831.7919953909 14220.574034724 8730.40110290654 6400.18818269088 5053.12669406354 5074.82839976406 6539.91133458073 9058.83422783058 12849.417072087 18134.4275019754 16131.9282113963 10191.1889294579 7194.4109899789 5470.02117962991 5287.44721284604 6995.5093495528 10341.8810290701 17788.0442753357 27569.4495174115 17335.3928696161 12015.7135005009 7715.62090944244 5665.00485785596 5245.48824193773 6963.61192967721 10027.3187924624 14163.7350622404 15739.3962893151 14596.5146878168 12645.6571109594 7524.24353997484 5531.53512066226 4942.5505196946 6458.70074615119 10116.6547708184 10708.0675554471 11433.9013253213 10863.0576433571 8596.79361843897 6482.64055046292 5090.80834431952 4448.07617487662 5410.69467511634 6597.79510460153 7458.89367503832 8422.67277246807 7752.77041387123 6575.64623928301 5421.69906333099 4526.15395554416 3919.25172428675 4501.74626128876 5099.09546752159 5576.93520593966 5824.23450916276 5640.69685830865 5144.76769148937 4541.56035125432 3974.66207203265
"14" 4179.09373030823 4752.6310818529 5382.35357046798 5981.90247871559 6380.14703176818 6349.28731142441 5826.09814254095 5116.39983336008 4453.33396615895 4692.4014368709 5540.92427526093 6604.48104701814 7814.45728482594 18838.9538596582 9087.3168821017 7565.47501581228 6115.85504091685 5061.9637881825 5208.12448873301 6427.99744534542 8211.07032514358 11169.3155207879 13438.2286766978 16359.491448588 9883.00458922655 7185.49037356384 5650.51604259574 5635.74994514083 7274.49944109276 10109.1044725727 14419.7916284169 20576.7329144296 18359.9589748266 11452.2608813741 8039.36151278262 6098.30585514896 5852.92312027873 7744.54564923022 11471.603469489 19840.1494234187 30626.2298749811 19180.3543090399 13283.3851933078 8558.35705637013 6290.59204241105 5785.27231214205 7656.74800361434 10973.8430584101 15461.4355771724 17205.6259260316 15984.5662129789 13841.0028687477 8299.90469645392 6121.15311918358 5436.564876969 7065.95859773209 10915.1316738197 11613.7961440536 12406.4014962438 11838.2984431095 9419.30845621308 7136.37512409324 5621.37071415695 4888.95807479498 5924.89555911828 7195.13799059872 8122.8969838974 9131.47541301786 8454.05830052576 7205.53557289164 5964.57149985369 4992.49631982753 4309.39999931954 4938.92710953512 5582.89915153804 6097.87455334243 6364.43182240314 6174.5705359352 5646.64567496687 4997.35786880342 4382.59020346646
"15" 4266.00415240576 4855.31333776822 5504.50435388203 6126.60546074546 6546.07599400257 6521.45873187168 5980.5805207865 5244.58885064262 4558.70231795477 4787.96110649912 5658.45845135819 6752.26361258503 8004.11711088236 9087.3168821017 19374.440329177 7784.34238770502 6273.4457289211 5181.83138958897 5310.54663422205 6559.71325521288 8387.81054229911 11410.6170273047 13827.9551323591 17022.4834188181 10182.891915005 7367.53272731654 5780.26690339497 5740.6772835142 7415.43940998836 10319.6523113924 14742.1231939268 21137.5285992797 18968.3467222428 11750.6380653124 8221.63403338962 6228.0282543054 5953.06814990522 7878.47046476895 11687.2378079411 20294.1321028017 31213.8395780891 19517.340086942 13509.6666896749 8715.63029479105 6410.09918259243 5873.76647152929 7762.46102162266 11100.6269383367 15623.1433527511 17385.198960541 16150.5884337056 13984.8671997016 8425.28547998949 6225.53063340444 5512.26398081228 7144.58444697249 10956.0071384302 11691.2123346718 12491.8970224666 11955.5815716176 9532.38305727765 7238.22116227185 5711.01879573483 4955.15036039646 5993.72054342831 7263.3579826553 8194.30705731471 9190.42952880119 8539.83691595426 7294.76976894479 6048.91222755725 5069.66106640104 4368.66424949065 5001.24917520062 5647.55230048515 6164.4336318482 6432.35401244631 6246.85185067359 5720.40169550449 5068.75239755138 4449.66206487453
"16" 3609.3772000628 4098.351719862 4633.59899019375 5142.60778570887 5482.30473916628 5460.35078851544 5021.3298103364 4420.98904175627 3856.30162966994 4052.13150013996 4774.64105328459 5675.38957509056 6696.11775246975 7565.47501581228 7784.34238770502 16510.1140050098 5285.48888869796 4386.98606302057 4499.36073708891 5538.4526299671 7045.47555564784 9506.54583144255 11439.8208292908 13923.9294409048 8504.89755277117 6222.02562388074 4906.80229669469 4875.23125551568 6275.36999409041 8677.67220674447 12310.8225808026 17482.8371248772 15730.980779602 9929.97783798909 6998.60965233917 5313.8397358914 5075.64835646728 6704.81820777637 9886.52090010457 16982.4155052335 26536.5401302103 16923.6670751791 11747.291542918 7510.63285508555 5504.11437391975 5033.28609006359 6669.42820214417 9583.30378135572 13551.8947902143 15156.6115151359 14188.5821007748 12364.7432711744 7321.68310074799 5372.67820488087 4742.9541970243 6184.374007903 9638.21975899234 10245.3758217421 10982.3167004941 10560.3375398974 8365.17468648092 6297.98063652235 4940.42799702768 4271.38318030025 5189.76528109909 6323.14690882274 7155.36668360519 8078.91986648501 7505.12862453328 6378.4921985721 5257.78688203536 4387.72960781914 3767.04826439351 4325.11384999918 4899.00913981029 5361.8689324803 5608.08818454012 5447.5196626951 4978.39021689325 4397.53672585504 3849.1530998477
"17" 2967.72090217413 3361.66935118855 3789.89496551642 4193.53264053342 4459.39558959179 4439.69786558354 4094.08436910304 3619.34301492274 3168.39550202787 3332.91352765298 3915.34154285117 4635.37196485105 5442.23054509961 6115.85504091685 6273.4457289211 5285.48888869796 14324.2244685185 3607.07625696842 3705.14319958149 4544.90365210122 5751.46054812749 7697.32432146969 9187.92074529674 11037.2227800914 6894.15065841024 5102.00918195462 4045.07347213038 4024.46091499139 5162.13671469972 7092.66827475439 9990.51785835954 14040.0079110072 12655.5834762188 8144.52920864048 5783.82629763681 4402.62420004245 4206.81422148222 5547.17702782559 8130.83059870767 13811.7831439036 21903.4347187448 14223.5624545716 9900.36677169613 6281.55778118579 4589.02924857515 4192.83302482642 5570.8909890906 8043.10131396523 11425.134583064 12839.4555205079 12098.1183304673 10588.7806809449 6174.93543518932 4502.20969735665 3967.13807835111 5203.76747555569 8238.05036287383 8725.32796758061 9386.78742201705 9060.45251755317 7127.03607051279 5320.81981152352 4150.59538915536 3579.09805329952 4368.01964787153 5350.38431346491 6073.68657928918 6906.63135699707 6409.94376921702 5418.24449560445 4439.22511394411 3688.78566682826 3157.43239890498 3635.7721798624 4130.81238085862 4533.50571379962 4752.96040893177 4616.94742283288 4209.95231015448 3706.70821810209 3234.83818381193
"18" 2484.39571271775 2809.6678071507 3161.52810854249 3491.14389286633 3706.26286827528 3688.80149025502 3407.76074891154 3020.59700329504 2650.42685789092 2790.8169188922 3271.91811401256 3863.19367934345 4520.59589772391 5061.9637881825 5181.83138958897 4386.98606302057 3607.07625696842 13018.6605255497 3105.03449648801 3799.97010809841 4791.88654280961 6376.95540259022 7570.91449547084 9015.7846428137 5715.62324261779 4261.66668867405 3390.67608603729 3378.1946538254 4323.28901767852 5915.05841734872 8290.7737597276 11566.5743714307 10438.0288486204 6801.99830565472 4854.60175934203 3701.92665503604 3540.73776466108 4663.64473158396 6809.73764816968 11483.5843994189 18362.626605206 12051.6803909771 8403.63252871761 5311.28130259803 3873.95842279295 3540.69197226119 4712.9190676077 6825.52856884021 9722.61100464145 10958.2606903206 10358.8275556467 9076.9102923229 5249.34087961032 3813.24619942325 3359.00947614376 4423.23026402401 7072.13197273116 7474.56684153144 8064.49104419098 7799.68452264286 6102.76577007071 4530.76856850803 3521.92750736231 3033.96323548442 3713.48304074436 4564.44468978624 5193.10932674979 5936.35705206247 5503.45891436439 4633.29443391254 3780.03217718119 3132.10633834112 2677.01878178195 3088.49924925779 3516.15557476631 3866.19821514145 4060.03978417943 3943.40168158291 3589.76508111097 3153.41149500196 2746.41157014338
"19" 2595.23633161275 2929.495942217 3286.88125017943 3616.33009929327 3825.52648980272 3798.55285113541 3506.97240113602 3109.72022786593 2730.61364834952 2921.9594745917 3419.32807885861 4022.07436053041 4678.89874358842 5208.12448873301 5310.54663422205 4499.36073708891 3705.14319958149 3105.03449648801 13261.8142421687 3988.2738063183 5010.19881173285 6588.21726941567 7756.05822925119 9164.2406105829 5841.83511631342 4367.68524594399 3482.20990996577 3563.84392244089 4568.41456644376 6258.3667696694 8688.83995428581 11854.9826475208 10632.6835516683 6937.78714434386 4963.75061718502 3796.25347519138 3751.30448076788 4962.52878451976 7298.11502762946 12379.6099448318 19263.8731403953 12257.7600680223 8503.28259869103 5412.49915316713 3968.27663925554 3763.87477043864 5045.54009113841 7373.24967201683 10488.2937522395 11520.4761046357 10512.7864300112 9108.15624318251 5344.66614874921 3907.72433754958 3575.04603275357 4750.15692627045 7755.75606067073 8070.34226509913 8577.54278697324 8008.08145387162 6224.26333205321 4639.08534483626 3618.72034008388 3223.74215296573 3965.72934557429 4894.33538604963 5549.74588020813 6341.74983398259 5725.02656136642 4779.61290580864 3895.6319335416 3229.9177754182 2836.16198962898 3278.99221840221 3735.38216783225 4098.81256406899 4284.09728641789 4123.10536432006 3728.25056779583 3265.80698851562 2841.6913478705
"20" 3175.70690914987 3589.58650350052 4033.69197915522 4444.59974053674 4706.56090359138 4673.29848661216 4308.57279704567 3813.18354804561 3342.67207450753 3574.9971969117 4190.95517835462 4941.01123330492 5762.59314461181 6427.99744534542 6559.71325521288 5538.4526299671 4544.90365210122 3799.97010809841 3988.2738063183 14887.1208968912 6159.25803701319 8141.63162151198 9609.46095591789 11402.7233809432 7196.42623857218 5352.67492389245 4256.87671739553 4351.30009335134 5590.69556566754 7691.87049980908 10726.2105136723 14703.3211749747 13149.5680909409 8504.14455622015 6063.22296356942 4630.87340554168 4568.61328131965 6051.03430023765 8936.76378210454 15274.2178702083 23608.05856484 14871.1921134936 10305.2943119362 6578.68542979631 4827.53569071597 4569.03416950922 6113.15313940131 8904.8265925234 12639.6514821119 13882.9904426909 12675.9732429911 10972.7918026111 6472.42853024031 4742.59937599333 4328.69318656392 5727.7457988386 9252.41400275762 9662.79532543573 10263.3190588904 9598.86655071395 7496.23178119098 5608.64915003952 4385.10846763652 3899.59745729773 4783.08221203447 5883.39400721911 6661.7040913753 7580.57821069659 6866.99009197209 5755.81194301124 4707.12227582016 3910.92252130347 3430.89517831336 3959.44479844891 4502.6509825615 4934.11056414066 5152.51230558464 4963.59052303617 4496.94142982837 3947.15354066611 3440.13819025654
"21" 3997.45741450483 4528.69698567673 5102.75796173155 5637.68451596123 5980.90790279849 5939.02690193685 5464.28351164192 4822.14472396695 4216.36724570535 4497.58976964126 5287.75752678329 6259.42960814965 7335.25036348515 8211.07032514358 8387.81054229911 7045.47555564784 5751.46054812749 4791.88654280961 5010.19881173285 6159.25803701319 17805.443283281 10432.850715517 12359.073207322 14737.2693141256 9166.72058446664 6765.67529181652 5360.07376908524 5451.26689011472 7023.62067231765 9716.79802280024 13664.3443479813 18944.0112232348 16851.3428617722 10755.6125376297 7628.21431976608 5813.37974887136 5699.73156850371 7555.12881190961 11201.687982975 19295.5153975803 29678.4834709581 18514.3142936669 12819.4499026169 8218.76294931696 6036.58147450539 5672.42145863654 7561.78712429955 10951.8050044233 15495.5266523373 17073.5558366499 15663.1683984999 13546.8919283613 8043.83516996647 5909.58196066655 5354.51885865354 7037.03328574667 11171.9434042637 11745.5609807656 12486.3434967927 11740.4574528547 9239.51400591343 6950.03339086157 5450.57335372592 4818.39589231509 5882.41858296699 7198.42522732787 8137.36378293775 9208.1821934987 8399.07236639216 7086.23753412618 5824.59739227362 4854.04422716447 4240.96401293545 4880.7425284732 5536.24779374037 6056.67949013103 6319.8723510747 6101.22011126369 5546.36424980457 4884.00236033707 4267.15407852452
"22" 5285.67493667414 6014.21601439497 6813.78078001322 7569.40342327958 8057.55261609146 8000.89281067592 7336.5405438996 6444.72626413732 5611.96660298191 5936.4382118439 7016.96372087191 8376.8416289518 9919.59230097989 11169.3155207879 11410.6170273047 9506.54583144255 7697.32432146969 6376.95540259022 6588.21726941567 8141.63162151198 10432.850715517 24347.4353700336 17058.02511172 20357.1004473782 12397.1546884301 9041.11744214762 7118.55956749655 7124.86446489334 9203.38343632185 12810.1093912408 18367.4040080965 26250.9822541322 23022.356941754 14394.4108040722 10124.9150191966 7686.65452811393 7392.90811341751 9781.42032301385 14478.7205841864 24969.5616141556 38711.4710055801 24137.2900229989 16725.4019418761 10798.7112978091 7935.59103447055 7301.62736810216 9657.85898470655 13825.6313033139 19456.6566441746 21726.0209524572 20282.7946605048 17535.4901609124 10489.3238135341 7726.18470897926 6858.0392472606 8906.41521543253 13731.4648905255 14616.8364355447 15620.4566078937 14881.5192870811 11882.2839577403 9009.43685541991 7094.43921578419 6166.07110975307 7468.51775129299 9063.92674206349 10230.0631701793 11492.4611550494 10625.6171317731 9073.74219221293 7522.29369236544 6298.37547917524 5435.02039185917 6226.85938813072 7036.38400347865 7683.33606638999 8016.8054795121 7776.34589496426 7114.81198038455 6300.87291205026 5527.65618860445
"23" 6239.95317812475 7116.30253243323 8086.42780100486 9017.16179319246 9638.4944487434 9591.46293178186 8778.05779744023 7680.82158564269 6663.78002743737 7001.27059093188 8296.68959667723 9939.64777548315 11831.7919953909 13438.2286766978 13827.9551323591 11439.8208292908 9187.92074529674 7570.91449547084 7756.05822925119 9609.46095591789 12359.073207322 17058.02511172 30602.5790155788 25192.8866619323 14965.1332657584 10776.5182674814 8433.60032778838 8364.0831580935 10828.2183261812 15135.568322248 21821.3235196288 31608.6954315315 28000.6539713639 17182.3175300851 11981.1719146172 9064.17928448813 8643.33845784887 11442.1579479316 16998.7874453585 29590.6182830234 45462.8212371723 28161.1742157699 19474.1873113714 12629.3431793335 9299.50434577828 8495.30043584729 11194.8729480725 15932.8192245992 22342.5139612407 24909.5607227783 23203.5817138898 20048.1313563662 12157.2009161983 9005.77682669142 7949.54449853798 10251.4521432251 15513.5450949531 16618.4159565956 17736.3749669295 16961.6555867531 13636.6133339349 10416.962692055 8244.53708321944 7138.64977642256 8603.67232182062 10382.3492891577 11688.8911114598 13038.5089562003 12139.3144417279 10431.5932078252 8696.34593584567 7310.50856847254 6294.28165329292 7189.38712856062 8100.13399556225 8825.2824958997 9195.86452445379 8936.60309922987 8203.61549192916 7290.38402585545 6414.69497897631
"24" 7393.9510522415 8460.27794122268 9653.09116938326 10820.2326860477 11634.5998874555 11613.0639822778 10592.6416929302 9208.79176467092 7941.55439116727 8288.38499306368 9859.02680570248 11866.561206801 14220.574034724 16359.491448588 17022.4834188181 13923.9294409048 11037.2227800914 9015.7846428137 9164.2406105829 11402.7233809432 14737.2693141256 20357.1004473782 25192.8866619323 42006.1727231283 18290.5064148229 12904.9829399654 10002.0846047828 9848.02364061834 12811.8967041581 18061.6451528163 26185.54812815 38450.1119811468 34597.6867655 20588.9826776544 14158.581953702 10658.5793099147 10115.9256754269 13430.751591316 20165.0572486787 35845.3206198181 53540.8927817481 32317.7267116563 22243.9958885004 14603.8955434098 10813.5363657102 9862.93105620693 12936.2009557526 18262.3371024875 25433.770623783 28088.9778017691 25798.0080832245 22102.7885440735 13835.42258832 10376.8396403538 9167.41796670592 11694.0263045298 17154.0392207249 18549.6110813824 19712.6876049492 18831.713499191 15279.9357251761 11833.5304932857 9459.12095558793 8209.37323403847 9815.64032784522 11731.3169741484 13143.6905356111 14487.4594606006 13576.7402709835 11766.4798716717 9898.54440084816 8379.78890447359 7237.08113357814 8224.79600147275 9218.992478068 10001.3151075292 10387.2913884407 10106.7294561842 9316.03294152039 8322.01288415394 7357.87539367011
"25" 4691.02907991596 5330.20961591773 6031.71911715384 6701.35578608967 7151.27634127719 7126.29158060143 6551.10850742159 5763.43543971166 5023.40098747497 5264.55340699213 6208.10756946084 7387.82866228476 8730.40110290654 9883.00458922655 10182.891915005 8504.89755277117 6894.15065841024 5715.62324261779 5841.83511631342 7196.42623857218 9166.72058446664 12397.1546884301 14965.1332657584 18290.5064148229 21121.5614500686 8116.29235544227 6391.8013149829 6323.59684893001 8143.76297925337 11273.4852307954 16030.5626710261 22867.7985571275 20611.4116515377 12968.5338448367 9121.78905370547 6917.65379609779 6574.8459320886 8684.15705660138 12810.6146755751 22044.7353189264 34533.3571709666 22064.5198665424 15312.0171103282 9774.39020230911 7157.8584680341 6510.45391471978 8615.02219558233 12354.6654251251 17459.746396272 19552.5664110756 18369.2768612935 16072.631332576 9509.40573712257 6977.83757286454 6128.47374718827 7972.5164764519 12354.2172279761 13158.6833063607 14089.9184847941 13595.9554810389 10817.3204556042 8162.08933342472 6408.12187258609 5517.71125092664 6693.34875048532 8140.43970113724 9202.21458864776 10352.0815361313 9656.6959522112 8235.90139683841 6805.07784703891 5685.69575820809 4867.26078324237 5582.8767689777 6317.6622359415 6909.11688534068 7223.01553890487 7024.49871106488 6430.92855636819 5689.34798882705 4985.11343969599
"26" 3498.98966180635 3961.46804745121 4463.70309867043 4936.61077571789 5247.82879604633 5225.68211295321 4823.68709738586 4269.70381804267 3741.54351581243 3928.96167400193 4612.36272421822 5456.1448353812 6400.18818269088 7185.49037356384 7367.53272731654 6222.02562388074 5102.00918195462 4261.66668867405 4367.68524594399 5352.67492389245 6765.67529181652 9041.11744214762 10776.5182674814 12904.9829399654 8116.29235544227 16026.5449451003 4784.38818266528 4745.273417715 6079.65245299625 8336.86559937467 11729.4804693111 16468.0707025509 14871.7693278703 9631.54165012371 6852.35338517686 5216.76506358173 4963.64715529944 6539.05050725068 9561.87853543405 16183.4247405487 25904.6391873177 16986.2974053265 11836.6319910118 7474.26856480203 5448.80788230437 4952.23212832412 6580.10600369794 9504.40671738702 13521.253176225 15249.8651226084 14462.7602201191 12725.7613346097 7363.52215147855 5352.34767871086 4690.10660115038 6156.34628479474 9766.99920783133 10346.1917444005 11139.9520228404 10805.9235460769 8506.14442014339 6337.77345522451 4934.52408930687 4233.89231560314 5170.39381041853 6338.7097204075 7199.69322128044 8188.0797643567 7623.89849877987 6448.49237990677 5279.71720891148 4383.01769476076 3736.33442797721 4304.45684144003 4893.37559439807 5373.57547977105 5637.70713316018 5482.30267404952 5001.82030294819 4403.35640629534 3841.08018700247
"27" 2786.1311739365 3148.8463482523 3540.59523559558 3906.88172804368 4145.35945355841 4126.24621372223 3816.00591649877 3387.2995445268 2975.7342972444 3129.49526251606 3665.79901327483 4323.62562035162 5053.12669406354 5650.51604259574 5780.26690339497 4906.80229669469 4045.07347213038 3390.67608603729 3482.20990996577 4256.87671739553 5360.07376908524 7118.55956749655 8433.60032778838 10002.0846047828 6391.8013149829 4784.38818266528 13812.7786601575 3790.2192083431 4844.32216577248 6613.0679423434 9253.38973790917 12884.2151956567 11645.0460518948 7642.23491873275 5466.90404120839 4170.78376043963 3976.31182916235 5232.43510198176 7621.08659256522 12799.0492574079 20637.6673460922 13669.0138859361 9543.6183721812 6008.27086150388 4374.44087156339 3981.4723845017 5300.91527055887 7682.70443727427 10961.1160840166 12399.9087648681 11789.4185935209 10367.7642716776 5954.10853529106 4312.56848709274 3781.56024739658 4984.88581863866 7993.20657618591 8449.12607543429 9131.54948443426 8872.37037661643 6937.65320023917 5136.85867858409 3984.70078441209 3417.96634720565 4187.27623647836 5153.01331755831 5868.50461890534 6717.31095436537 6243.47226718813 5254.68138039829 4280.98047174287 3542.64100329921 3016.85951242037 3482.94827865937 3968.43684878492 4367.29877921646 4590.72893329896 4462.95321546093 4063.33376790212 3567.48322407785 3104.7655309869
"28" 2831.19117076804 3192.10941419755 3576.231815623 3928.43122577261 4150.50386617833 4119.79280207342 3806.55784692332 3379.6378888941 2971.06339072295 3189.2662660551 3726.85316638132 4374.419975208 5074.82839976406 5635.74994514083 5740.6772835142 4875.23125551568 4024.46091499139 3378.1946538254 3563.84392244089 4351.30009335134 5451.26689011472 7124.86446489334 8364.0831580935 9848.02364061834 6323.59684893001 4745.273417715 3790.2192083431 13900.2884988819 4994.9228879102 6827.83987969407 9435.53022762076 12776.5842745081 11475.2461362133 7532.03995434147 5402.18143306648 4136.53319607408 4114.64630171834 5444.35256261629 8000.23140760469 13533.5117915015 21047.0963951724 13397.4307580471 9289.79381583355 5905.51763395393 4330.27169712712 4138.40026575206 5560.88056527443 8154.50035158243 11611.4175696923 12691.9037405967 11508.7143922998 9968.4714587621 5842.30904204197 4270.12600076351 3937.06824732569 5251.57543103441 8656.30321904188 8963.35978545883 9497.0403511138 8804.82646212994 6822.4842977238 5078.83325278248 3959.03753965794 3550.85170556067 4379.04991982542 5417.84049198834 6142.58797257152 7028.35069128967 6306.17658839899 5248.07637301341 4270.11113167907 3537.00754569785 3122.12656753004 3614.4201426394 4121.57127123657 4523.4365915904 4725.32430139298 4538.30767544847 4095.21393956528 3582.03900080907 3113.82816657946
