"V1" "V2" "V3" "V4" "V5" "V6" "V7" "V8" "V9" "V10" "V11" "V12" "V13" "V14" "V15" "V16"
"1" 2.26526864815327 3.7038599459636 3.92086021965442 2.41245578553978 2.61467742145732 6.53894746421109 6.76120821070722 2.78827484959352 2.57508603203933 5.91351938945279 6.2504703623724 2.74604405602374 2.19161499473608 3.46366666786256 3.62848862219062 2.32706355067808
"2" 3.7038599459636 6.18033889127044 6.67906005714765 4.06252446721511 4.25833812318272 10.7683870316916 11.664790184875 4.68256959695643 4.19650719390527 9.75158455788736 10.5626239382398 4.58782748426808 3.60033483148874 5.75822992952334 6.09811204870834 3.8876393569521
"3" 3.92086021965442 6.67906005714765 9.23337927095757 5.78173155133294 4.33047215500591 10.0927107459262 17.2533327821884 6.78030979278522 4.27561464286508 9.33758968308429 14.2888219586027 6.42049450833212 3.81140152367096 6.20382681177774 7.79689035706789 5.22712071437069
"4" 2.41245578553978 4.06252446721511 5.78173155133294 3.85553649077831 2.65713419539128 6.04064350736333 10.399747735587 4.57805766885882 2.62647890507763 5.61888456517222 9.13638096574791 4.33412313523759 2.35221878074871 3.80998995159575 5.0151822536602 3.47769523059129
"5" 2.61467742145732 4.25833812318272 4.33047215500591 2.65713419539128 3.06561201197617 7.6668698214261 7.35932341497368 3.05920240537104 3.00705934003616 6.91063786567745 6.86274139837477 3.02140502503794 2.53843913573822 3.97917142355956 4.03540057782171 2.57549605087288
"6" 6.53894746421109 10.7683870316916 10.0927107459262 6.04064350736333 7.6668698214261 20.3898320006547 16.5951410663761 6.84301955281264 7.54324339009681 18.1799294018674 15.4217155733014 6.75613198557626 6.34135960324759 10.010823743155 9.40629151205666 5.86117580558172
"7" 6.76120821070722 11.664790184875 17.2533327821884 10.399747735587 7.35932341497368 16.5951410663761 34.8139275772055 12.1856788373401 7.27059094671888 15.4928065468078 27.191779875449 11.6337031113966 6.57149399853922 10.7958748803447 14.3013421234053 9.48844003906688
"8" 2.78827484959352 4.68256959695643 6.78030979278522 4.57805766885882 3.05920240537104 6.84301955281264 12.1856788373401 5.51470068256434 3.02806951427583 6.40255872683342 11.0405275326283 5.29947117319576 2.72782286830697 4.42780556623948 6.04761517586444 4.24213926646467
"9" 2.57508603203933 4.19650719390527 4.27561464286508 2.62647890507763 3.00705934003616 7.54324339009681 7.27059094671888 3.02806951427583 2.96996456278045 6.8042199212988 6.8323244481697 2.99827843365714 2.50136643078775 3.92651897903818 4.0052566875168 2.55561837137996
"10" 5.91351938945279 9.75158455788736 9.33758968308429 5.61888456517222 6.91063786567745 18.1799294018674 15.4928065468078 6.40255872683342 6.8042199212988 16.2991768460753 14.7202911134934 6.35742011195731 5.74480033560389 9.10638290160356 8.81839685954185 5.49922366505866
"11" 6.2504703623724 10.5626239382398 14.2888219586027 9.13638096574791 6.86274139837477 15.4217155733014 27.191779875449 11.0405275326283 6.8323244481697 14.7202911134934 29.7691358759004 11.3097059298611 6.20933745378251 10.382978728388 14.7416288934232 9.40627555454856
"12" 2.74604405602374 4.58782748426808 6.42049450833212 4.33412313523759 3.02140502503794 6.75613198557626 11.6337031113966 5.29947117319576 2.99827843365714 6.35742011195731 11.3097059298611 5.39554989780067 2.70667394041297 4.41746928814365 6.20418560103746 4.35225247280275
"13" 2.19161499473608 3.60033483148874 3.81140152367096 2.35221878074871 2.53843913573822 6.34135960324759 6.57149399853922 2.72782286830697 2.50136643078775 5.74480033560389 6.20933745378251 2.70667394041297 2.14276038432646 3.37901687560896 3.58201138719904 2.29498712715552
"14" 3.46366666786256 5.75822992952334 6.20382681177774 3.80998995159575 3.97917142355956 10.010823743155 10.7958748803447 4.42780556623948 3.92651897903818 9.10638290160356 10.382978728388 4.41746928814365 3.37901687560896 5.43688332608182 5.90030021169912 3.74998837044171
"15" 3.62848862219062 6.09811204870834 7.79689035706789 5.0151822536602 4.03540057782171 9.40629151205666 14.3013421234053 6.04761517586444 4.0052566875168 8.81839685954185 14.7416288934232 6.20418560103746 3.58201138719904 5.90030021169912 7.83709936532988 5.14377053468038
"16" 2.32706355067808 3.8876393569521 5.22712071437069 3.47769523059129 2.57549605087288 5.86117580558172 9.48844003906688 4.24213926646467 2.55561837137996 5.49922366505866 9.40627555454856 4.35225247280275 2.29498712715552 3.74998837044171 5.14377053468038 3.55739449181641
