"V1" "V2" "V3" "V4" "V5" "V6" "V7" "V8" "V9" "V10" "V11" "V12" "V13" "V14" "V15" "V16"
"1" 0.124197968236121 0.18801733993245 0.195486864055479 0.119257117257408 0.132511156894694 0.334511865829892 0.33611881580115 0.137166521544198 0.13053828808888 0.302261176139931 0.316829669725311 0.134991714232096 0.111036996613771 0.176023855176991 0.1822769017326 0.115128011898853
"2" 0.18801733993245 0.328698536532632 0.337353868050054 0.201400305338492 0.21630015181717 0.562043053334667 0.58587195030071 0.231084450386624 0.213221843998983 0.508339111092046 0.541522210812739 0.226405645548049 0.182877008815508 0.297711715959041 0.31075183122452 0.193085021927757
"3" 0.195486864055479 0.337353868050054 0.47894731969617 0.285183667893868 0.216358437953696 0.517644253328507 0.879285878737283 0.333096791465625 0.213705211715591 0.478435766999382 0.727541765953286 0.309117413749895 0.190250361238264 0.314211403855903 0.387889333169466 0.25353182187896
"4" 0.119257117257408 0.201400305338492 0.285183667893868 0.200629180342187 0.131665951333085 0.303553276277027 0.512863685235253 0.226510443568486 0.130180179770355 0.28205339827395 0.456298922929855 0.210688577572316 0.116367983637163 0.189260593100251 0.248277721846943 0.169999512935112
"5" 0.132511156894694 0.21630015181717 0.216358437953696 0.131665951333085 0.164982123099232 0.392112838840797 0.366628706601034 0.150864480191517 0.152558057509703 0.353191853529968 0.348237083061548 0.148876956306435 0.128717055119657 0.202338463763983 0.203001614730061 0.127689999512033
"6" 0.334511865829892 0.562043053334667 0.517644253328507 0.303553276277027 0.392112838840797 1.10983371167836 0.845617518063003 0.342454285587085 0.385917631899874 0.978746642745805 0.798645758752887 0.338048534601801 0.32458783399001 0.522790016001057 0.485499563411261 0.294883342857475
"7" 0.33611881580115 0.58587195030071 0.879285878737283 0.512863685235253 0.366628706601034 0.845617518063003 1.88710137413542 0.605379992934337 0.362408211255828 0.78926874794961 1.43436807121897 0.573145629950089 0.32719927160439 0.544362899283177 0.732109991968509 0.470701085607921
"8" 0.137166521544198 0.231084450386624 0.333096791465625 0.226510443568486 0.150864480191517 0.342454285587085 0.605379992934337 0.285396593060375 0.149350569708013 0.319974630026564 0.559186840585667 0.261549281376357 0.134254492672334 0.2187995951149 0.303622444808741 0.210493547057169
"9" 0.13053828808888 0.213221843998983 0.213705211715591 0.130180179770355 0.152558057509703 0.385917631899874 0.362408211255828 0.149350569708013 0.160205919000531 0.347861797259852 0.346780831330372 0.14772349852969 0.126867302331612 0.199710491450055 0.201494146267462 0.126692131541006
"10" 0.302261176139931 0.508339111092046 0.478435766999382 0.28205339827395 0.353191853529968 0.978746642745805 0.78926874794961 0.319974630026564 0.347861797259852 0.884964772072266 0.761798691058946 0.317465574429985 0.293796746339903 0.474958634130988 0.454349523628143 0.276137872236161
"11" 0.316829669725311 0.541522210812739 0.727541765953286 0.456298922929855 0.348237083061548 0.798645758752887 1.43436807121897 0.559186840585667 0.346780831330372 0.761798691058946 1.62146992995303 0.575391694073436 0.314932282876329 0.53295300431225 0.782956784617856 0.480901509306883
"12" 0.134991714232096 0.226405645548049 0.309117413749895 0.210688577572316 0.148876956306435 0.338048534601801 0.573145629950089 0.261549281376357 0.14772349852969 0.317465574429985 0.575391694073436 0.278077309809987 0.133028315629902 0.217918514544029 0.313052487864593 0.217598461097665
"13" 0.111036996613771 0.182877008815508 0.190250361238264 0.116367983637163 0.128717055119657 0.32458783399001 0.32719927160439 0.134254492672334 0.126867302331612 0.293796746339903 0.314932282876329 0.133028315629902 0.118108472178946 0.171804510840992 0.179949435500368 0.113511922989987
"14" 0.176023855176991 0.297711715959041 0.314211403855903 0.189260593100251 0.202338463763983 0.522790016001057 0.544362899283177 0.2187995951149 0.199710491450055 0.474958634130988 0.53295300431225 0.217918514544029 0.171804510840992 0.290745461955238 0.30057282241403 0.186151240436109
"15" 0.1822769017326 0.31075183122452 0.387889333169466 0.248277721846943 0.203001614730061 0.485499563411261 0.732109991968509 0.303622444808741 0.201494146267462 0.454349523628143 0.782956784617856 0.313052487864593 0.179949435500368 0.30057282241403 0.421350964741693 0.260753083903349
"16" 0.115128011898853 0.193085021927757 0.25353182187896 0.169999512935112 0.127689999512033 0.294883342857475 0.470701085607921 0.210493547057169 0.126692131541006 0.276137872236161 0.480901509306883 0.217598461097665 0.113511922989987 0.186151240436109 0.260753083903349 0.188132192393903
