"V1" "V2" "V3" "V4" "V5" "V6" "V7" "V8" "V9" "V10" "V11" "V12" "V13" "V14" "V15" "V16"
"1" 439.201127895779 757.244954059722 761.42357845018 454.816039373113 500.232824841093 1389.03000811983 1266.77056679374 518.797786515855 493.859646011294 1246.89986928018 1176.72589545913 511.762319933849 427.823795832262 705.419803619725 706.830290410266 440.321253451086
"2" 757.244954059722 1308.72762850208 1323.19281731155 787.269919264998 861.351249000389 2392.17346123806 2210.12873622726 896.410339089121 850.328683794408 2148.00239183729 2031.02388345205 881.120458243232 737.354446200826 1217.52169089165 1219.35181578416 758.183611418396
"3" 761.42357845018 1323.19281731155 1562.63257957171 957.136683440538 849.134282476808 2223.82355775882 2747.12675870807 1106.71664469201 838.792359177354 2021.43736411964 2378.84508676442 1062.52637123205 741.07429343279 1227.91245298975 1371.20050499075 886.892067236733
"4" 454.816039373113 787.269919264998 957.136683440538 597.525913830787 505.595355580139 1301.16263778414 1684.76175297545 697.284026434646 499.798358599436 1187.62003326855 1489.14091120511 673.042765692696 443.434689098366 734.160339862086 850.025233712523 557.729843947215
"5" 500.232824841093 861.351249000389 849.134282476808 505.595355580139 571.273177871923 1596.45499224358 1401.15244160139 575.285757162294 563.884241716262 1430.5736037658 1308.14109413903 568.490175639092 487.16655603166 802.171150709405 791.342409363712 490.941966648304
"6" 1389.03000811983 2392.17346123806 2223.82355775882 1301.16263778414 1596.45499224358 4561.50172848493 3581.29978373028 1462.56085634319 1574.71579567063 4066.01895361079 3341.24419579791 1445.06969149135 1350.97049220427 2220.72554034003 2074.40500094161 1264.7685794205
"7" 1266.77056679374 2210.12873622726 2747.12675870807 1684.76175297545 1401.15244160139 3581.29978373028 4935.2557175604 1954.86850720745 1384.56082787056 3274.63160135203 4194.18271840918 1869.58304162042 1232.92165941406 2049.13772870514 2378.86443246341 1550.03737331019
"8" 518.797786515855 896.410339089121 1106.71664469201 697.284026434646 575.285757162294 1462.56085634319 1954.86850720745 819.197632496472 569.156866223836 1340.27945536159 1767.56103375434 798.138295030675 506.84424841956 840.275417727191 999.911965667123 659.818599722672
"9" 493.859646011294 850.328683794408 838.792359177354 499.798358599436 563.884241716262 1574.71579567063 1384.56082787056 569.156866223836 556.650182786225 1411.6374876273 1298.09000739607 563.325253261887 481.088862647811 792.444744743496 784.005735463117 486.448735493702
"10" 1246.89986928018 2148.00239183729 2021.43736411964 1187.62003326855 1430.5736037658 4066.01895361079 3274.63160135203 1340.27945536159 1411.6374876273 3631.44027890874 3087.71870872083 1329.2112701502 1213.81503683247 1998.42926227899 1898.58774320094 1160.56003363297
"11" 1176.72589545913 2031.02388345205 2378.84508676442 1489.14091120511 1308.14109413903 3341.24419579791 4194.18271840918 1767.56103375434 1298.09000739607 3087.71870872083 4281.81757155175 1805.91815717488 1159.32755522758 1944.95611261229 2363.93126543401 1517.97001557457
"12" 511.762319933849 881.120458243232 1062.52637123205 673.042765692696 568.490175639092 1445.06969149135 1869.58304162042 798.138295030675 563.325253261887 1329.2112701502 1805.91815717488 800.268437341605 502.286329493496 835.765353501043 1013.18820114421 665.428351210378
"13" 427.823795832262 737.354446200826 741.07429343279 443.434689098366 487.16655603166 1350.97049220427 1232.92165941406 506.84424841956 481.088862647811 1213.81503683247 1159.32755522758 502.286329493496 417.048788523237 688.194300901141 693.927089142909 432.262661358856
"14" 705.419803619725 1217.52169089165 1227.91245298975 734.160339862086 802.171150709405 2220.72554034003 2049.13772870514 840.275417727191 792.444744743496 1998.42926227899 1944.95611261229 835.765353501043 688.194300901141 1138.34191678543 1157.5494205365 719.631019888696
"15" 706.830290410266 1219.35181578416 1371.20050499075 850.025233712523 791.342409363712 2074.40500094161 2378.86443246341 999.911965667123 784.005735463117 1898.58774320094 2363.93126543401 1013.18820114421 693.927089142909 1157.5494205365 1336.7285565137 855.334774508173
"16" 440.321253451086 758.183611418396 886.892067236733 557.729843947215 490.941966648304 1264.7685794205 1550.03737331019 659.818599722672 486.448735493702 1160.56003363297 1517.97001557457 665.428351210378 432.262661358856 719.631019888696 855.334774508173 556.598541198908
