"V1" "V2" "V3" "V4" "V5" "V6" "V7" "V8" "V9" "V10" "V11" "V12" "V13" "V14" "V15" "V16"
"1" 54.9607945481333 94.6904861615413 94.9386049722237 56.7042346838191 62.6403769945762 173.993939958282 157.762585662197 64.6605538112459 61.8376013749345 156.134530498706 146.573741761665 63.7859599451517 53.531361040577 88.1987206538303 88.1470068559321 54.9017790995728
"2" 94.6904861615413 163.539580101905 164.912335577191 98.1130540758373 107.77513709252 299.406291175686 275.15852696563 111.683121712444 106.388654936746 268.757959380151 252.907629309646 109.783137394247 92.1944371061229 152.126319469254 151.998946408197 94.4974410716129
"3" 94.9386049722237 164.912335577191 194.382239854355 119.051657264193 105.924103271509 277.542776219914 341.514671750097 137.63378572516 104.629262716426 252.215531995148 295.784908031432 132.146710544148 92.3961444975452 153.029455300538 170.603838502729 110.328308384666
"4" 56.7042346838191 98.1130540758373 119.051657264193 74.3131469140677 63.0648615408761 162.391434423125 209.431448559262 86.705055749268 62.3387801501375 148.177344498413 185.1403105047 83.6949739907495 55.2818008061506 91.4879421642538 105.746570876272 69.3711042574519
"5" 62.6403769945762 107.77513709252 105.924103271509 63.0648615408761 71.5864990914963 200.109674586176 174.562586341431 71.7330132112579 70.6550090556577 179.251129444283 163.003092629612 70.8879274782678 60.997131394244 100.356651518796 98.7321052249895 61.2420232948851
"6" 173.993939958282 299.406291175686 277.542776219914 162.391434423125 200.109674586176 571.820842572592 446.378572546461 182.475623037765 197.369761403398 509.543377462227 416.540162836307 180.299999007992 169.208239597112 277.915145939074 258.942780838193 157.862591548532
"7" 157.762585662197 275.15852696563 341.514671750097 209.431448559262 174.562586341431 446.378572546461 613.261148493368 242.979047451908 172.489498908325 408.062825854573 521.249966791113 232.390115099423 153.540690164279 255.107024496056 295.781047503162 192.702780587814
"8" 64.6605538112459 111.683121712444 137.63378572516 86.705055749268 71.7330132112579 182.475623037765 242.979047451908 101.847626430345 70.9653672410528 167.170164307803 219.719665438403 99.2326435415036 63.1665530835459 104.680705346713 124.366431831032 82.0521516500282
"9" 61.8376013749345 106.388654936746 104.629262716426 62.3387801501375 70.6550090556577 197.369761403398 172.489498908325 70.9653672410528 69.7428235923192 176.864890538318 161.742186053244 70.2399771423641 60.2314904511634 99.1326074722354 97.810710255862 60.6778680924414
"10" 156.134530498706 268.757959380151 252.215531995148 148.177344498413 179.251129444283 509.543377462227 408.062825854573 167.170164307803 176.864890538318 454.933145591411 384.827329735973 165.792520710431 151.974836162722 250.01116578677 236.921093583214 144.808798210842
"11" 146.573741761665 252.907629309646 295.784908031432 185.1403105047 163.003092629612 416.540162836307 521.249966791113 219.719665438403 161.742186053244 384.827329735973 532.116321898152 224.480089044845 144.394494616367 242.158107806446 293.91785398697 188.715858909046
"12" 63.7859599451517 109.783137394247 132.146710544148 83.6949739907495 70.8879274782678 180.299999007992 232.390115099423 99.2326435415036 70.2399771423641 165.792520710431 224.480089044845 99.4962734425715 62.5995833955403 104.119078365804 126.013568351551 82.7479141165965
"13" 53.531361040577 92.1944371061229 92.3961444975452 55.2818008061506 60.997131394244 169.208239597112 153.540690164279 63.1665530835459 60.2314904511634 151.974836162722 144.394494616367 62.5995833955403 52.1771441935519 86.0357812945682 86.5295142972445 53.891972916764
"14" 88.1987206538303 152.126319469254 153.029455300538 91.4879421642538 100.356651518796 277.915145939074 255.107024496056 104.680705346713 99.1326074722354 250.01116578677 242.158107806446 104.119078365804 86.0357812945682 142.213459107465 144.273877249715 89.6798346416455
"15" 88.1470068559321 151.998946408197 170.603838502729 105.746570876272 98.7321052249895 258.942780838193 295.781047503162 124.366431831032 97.810710255862 236.921093583214 293.91785398697 126.013568351551 86.5295142972445 144.273877249715 166.311684188823 106.40303578645
"16" 54.9017790995728 94.4974410716129 110.328308384666 69.3711042574519 61.2420232948851 157.862591548532 192.702780587814 82.0521516500282 60.6778680924414 144.808798210842 188.715858909046 82.7479141165965 53.891972916764 89.6798346416455 106.40303578645 69.2288841537217
