"V1" "V2" "V3" "V4" "V5" "V6" "V7" "V8" "V9" "V10" "V11" "V12" "V13" "V14" "V15" "V16"
"1" 20.4065843743137 33.3961771097611 33.5547092832659 20.6083762806011 23.8041284506509 61.6271871030955 56.6945369914992 23.6932814316508 23.4333443464423 55.1607113287442 52.5707719614585 23.3491247509861 19.8102489723504 31.1494434511358 31.1468420358527 19.9088810709577
"2" 33.3961771097611 55.2846305574902 56.8696369759105 34.5762417505407 38.6888311600993 100.673218070227 97.402360387879 39.6667190820049 38.1041904930778 90.284333735045 88.5505017731626 38.8960851397024 32.4265671236159 51.480126281676 52.1192690901918 33.1480411077508
"3" 33.5547092832659 56.8696369759105 75.6494578866422 47.4359143967288 37.3366606516549 89.2155767423977 139.894340623075 55.502246626483 36.8452470250067 81.8619918746541 116.442692305286 52.6137772746496 32.5975946427727 52.7764630266897 64.259787430836 42.9846075335743
"4" 20.6083762806011 34.5762417505407 47.4359143967288 31.369085474248 22.8639970066107 53.3962057226665 84.7710785109835 37.2411368297669 22.5874137794283 49.2392752777772 74.5023934468395 35.3436951407516 20.0772678782063 32.374112024724 41.26608720654 28.4821876102054
"5" 23.8041284506509 38.6888311600993 37.3366606516549 22.8639970066107 27.9604470440406 72.8163867921006 62.0899345551615 26.1763545769835 27.5073837731744 64.9532054684274 58.063893446803 25.8660777491116 23.0891056011634 36.0555870470402 34.8890680316998 22.1905915178419
"6" 61.6271871030955 100.673218070227 89.2155767423977 53.3962057226665 72.8163867921006 198.089379987999 142.98434869854 60.117218665656 71.5959549360287 175.168122121047 133.405065138291 59.3948338482911 59.6894024640423 93.3685216724842 83.4478722397006 51.8941733205008
"7" 56.6945369914992 97.402360387879 139.894340623075 84.7710785109835 62.0899345551615 142.98434869854 277.40550220337 99.2177360920658 61.3182577900872 132.589380241057 219.110840660118 94.6690238764627 55.082699384963 90.1210309879378 116.506987928448 77.3291255757772
"8" 23.6932814316508 39.6667190820049 55.502246626483 37.2411368297669 26.1763545769835 60.117218665656 99.2177360920658 44.650852506873 25.8940418815147 55.7679858561036 89.8863695909705 43.0544175281086 23.1573045478089 37.4350606048515 49.5914683587945 34.6030916441081
"9" 23.4333443464423 38.1041904930778 36.8452470250067 22.5874137794283 27.5073837731744 71.5959549360287 61.3182577900872 25.8940418815147 27.0671308568004 63.9081735323198 57.7547904072368 25.6479610940158 22.7401682783389 35.5517214503214 34.5956870936635 22.0004756860557
"10" 55.1607113287442 90.284333735045 81.8619918746541 49.2392752777772 64.9532054684274 175.168122121047 132.589380241057 55.7679858561036 63.9081735323198 155.495528547631 126.224244696628 55.3876440880964 53.5104599338541 84.0656291302555 77.4696051884555 48.2290800235518
"11" 52.5707719614585 88.5505017731626 116.442692305286 74.5023934468395 58.063893446803 133.405065138291 219.110840660118 89.8863695909705 57.7547904072368 126.224244696628 238.096511747053 92.1540534602322 52.1364714227118 86.7200504613138 119.837880823216 76.7339714383672
"12" 23.3491247509861 38.8960851397024 52.6137772746496 35.3436951407516 25.8660777491116 59.3948338482911 94.6690238764627 43.0544175281086 25.6479610940158 55.3876440880964 92.1540534602322 43.6805528771412 22.9817721468681 37.3445390321408 50.8386612947975 35.4307522569472
"13" 19.8102489723504 32.4265671236159 32.5975946427727 20.0772678782063 23.0891056011634 59.6894024640423 55.082699384963 23.1573045478089 22.7401682783389 53.5104599338541 52.1364714227118 22.9817721468681 19.2553234879074 30.3419423766958 30.6924765731421 19.6030390531789
"14" 31.1494434511358 51.480126281676 52.7764630266897 32.374112024724 36.0555870470402 93.3685216724842 90.1210309879378 37.4350606048515 35.5517214503214 84.0656291302555 86.7200504613138 37.3445390321408 30.3419423766958 48.3588356732856 50.2388813257147 31.869993179218
"15" 31.1468420358527 52.1192690901918 64.259787430836 41.26608720654 34.8890680316998 83.4478722397006 116.506987928448 49.5914683587945 34.5956870936635 77.4696051884555 119.837880823216 50.8386612947975 30.6924765731421 50.2388813257147 64.394616899299 42.2715457899401
"16" 19.9088810709577 33.1480411077508 42.9846075335743 28.4821876102054 22.1905915178419 51.8941733205008 77.3291255757772 34.6030916441081 22.0004756860557 48.2290800235518 76.7339714383672 35.4307522569472 19.6030390531789 31.869993179218 42.2715457899401 28.9862381085113
