"V1" "V2" "V3" "V4" "V5" "V6" "V7" "V8" "V9" "V10" "V11" "V12" "V13" "V14" "V15" "V16"
"1" 5.21690309418392 8.36616991692114 8.38648406895351 5.15066458456965 5.97298243593597 15.4495208491851 14.1575151027811 5.92023853933927 5.87946529245938 13.8270522533979 13.1292951681582 5.83439695357953 4.96683429602867 7.80259460746324 7.7856782877716 4.97662776468655
"2" 8.36616991692114 13.9378938075767 14.206582052659 8.63755497544345 9.69804375686145 25.215627662203 24.3142386917113 9.90728317272826 9.55081253060129 22.6113982927488 22.1073406690838 9.71511078451508 8.12249021159819 12.8847057877035 13.0216356398012 8.28205970798629
"3" 8.38648406895351 14.206582052659 18.9735024845858 11.8343552127175 9.33598878136075 22.3037633238142 34.8899085369738 13.8454765892334 9.21268836093499 20.4628719580696 29.043955120691 13.1254274759383 8.14684453045267 13.1836599214198 16.0340132863182 10.7250884539355
"4" 5.15066458456965 8.63755497544345 11.8343552127175 7.92545295225612 5.71706352064774 13.3497496809412 21.1421592447765 9.28946325631429 5.64762709078318 12.3087529451731 18.5823722631454 8.81646071442961 5.01763009387519 8.08703138448858 10.296148082723 7.10605123082448
"5" 5.97298243593597 9.69804375686145 9.33598878136075 5.71706352064774 7.12092426561725 18.2651765496375 15.5101228273772 6.54351996955199 6.9065904607524 16.2913676682595 14.5061689324946 6.46610522239829 5.79286438047973 9.03705476717613 8.72509426665981 5.5495989254241
"6" 15.4495208491851 25.215627662203 22.3037633238142 13.3497496809412 18.2651765496375 49.733441116604 35.7154101568458 15.0268586484703 17.9578059993932 43.8889250727815 33.3267344154863 14.8466326374559 14.962294018004 23.3844944648885 20.8642946343062 12.9765915349145
"7" 14.1575151027811 24.3142386917113 34.8899085369738 21.1421592447765 15.5101228273772 35.7154101568458 69.2694302263453 24.743746870402 15.3168527623817 33.1153268471574 54.6382521470052 23.6098447310031 13.7545334357978 22.496256961421 29.0597105027693 19.2874814104017
"8" 5.92023853933927 9.90728317272826 13.8454765892334 9.28946325631429 6.54351996955199 15.0268586484703 24.743746870402 11.2367250858195 6.47263307584628 13.9377111789843 22.4175966568905 10.7387745781169 5.78596267583353 9.34932713059393 12.371830753098 8.63208529859628
"9" 5.87946529245938 9.55081253060129 9.21268836093499 5.64762709078318 6.9065904607524 17.9578059993932 15.3168527623817 6.47263307584628 6.89543979040027 16.0280958282193 14.4282129370321 6.41122163091777 5.70484542068526 8.91008534343253 8.65117777647411 5.50170809657084
"10" 13.8270522533979 22.6113982927488 20.4628719580696 12.3087529451731 16.2913676682595 43.8889250727815 33.1153268471574 13.9377111789843 16.0280958282193 39.0579249943885 31.5279358100522 13.8427638598045 13.4120034685691 21.0522143206073 19.3664394857054 12.0580004622822
"11" 13.1292951681582 22.1073406690838 29.043955120691 18.5823722631454 14.5061689324946 33.3267344154863 54.6382521470052 22.4175966568905 14.4282129370321 31.5279358100522 59.4704636211931 22.9827995144045 13.0198449541057 21.6481202269111 29.889766794918 19.1390008822224
"12" 5.83439695357953 9.71511078451508 13.1254274759383 8.81646071442961 6.46610522239829 14.8466326374559 23.6098447310031 10.7387745781169 6.41122163091777 13.8427638598045 22.9827995144045 10.9947838710684 5.74215329872858 9.32669134567436 12.6826661823178 8.83837171961707
"13" 4.96683429602867 8.12249021159819 8.14684453045267 5.01763009387519 5.79286438047973 14.962294018004 13.7545334357978 5.78596267583353 5.70484542068526 13.4120034685691 13.0198449541057 5.74215329872858 4.92710708858773 7.5994922147951 7.67138235528916 4.89973016429664
"14" 7.80259460746324 12.8847057877035 13.1836599214198 8.08703138448858 9.03705476717613 23.3844944648885 22.496256961421 9.34932713059393 8.91008534343253 21.0522143206073 21.6481202269111 9.32669134567436 7.5994922147951 12.2021860529428 12.5503608623232 7.96183956253375
"15" 7.7856782877716 13.0216356398012 16.0340132863182 10.296148082723 8.72509426665981 20.8642946343062 29.0597105027693 12.371830753098 8.65117777647411 19.3664394857054 29.889766794918 12.6826661823178 7.67138235528916 12.5503608623232 16.1671619341569 10.5470804427239
"16" 4.97662776468655 8.28205970798629 10.7250884539355 7.10605123082448 5.5495989254241 12.9765915349145 19.2874814104017 8.63208529859628 5.50170809657084 12.0580004622822 19.1390008822224 8.83837171961707 4.89973016429664 7.96183956253375 10.5470804427239 7.33187792715096
