"V1" "V2" "V3" "V4" "V5" "V6" "V7" "V8" "V9" "V10" "V11" "V12" "V13" "V14" "V15" "V16"
"1" 1.13049791391504 1.85511382996538 1.96023933479963 1.20610142423884 1.3114286251821 3.27700540642238 3.37810698254039 1.39374129184892 1.29146963808161 2.96330939184174 3.12318729847561 1.37265378481549 1.09846928262673 1.73466804226868 1.81423734863245 1.16346372553534
"2" 1.85511382996538 3.08830641246894 3.33790430094878 2.03029496699962 2.13394574336421 5.39240818901995 5.82652956961357 2.33984291414378 2.10281843958695 4.88285353428049 5.27645600552391 2.29254604851016 1.80311074256814 2.88185678033303 3.0478613102216 1.94298946554803
"3" 1.96023933479963 3.33790430094878 4.60530349199238 2.88681869212319 2.16578908225912 5.04652260730132 8.61275290642105 3.38520155845137 2.13826718083041 4.66854859491652 7.13336079059981 3.2056344935645 1.90543407593673 3.10032771752699 3.89337209187154 2.61003761784181
"4" 1.20610142423884 2.03029496699962 2.88681869212319 1.92000148479446 1.32890253968846 3.02056504750389 5.19151608615418 2.28557867381511 1.31351509534918 2.80939235732729 4.56104627019644 2.16384237450537 1.17592982170715 1.90401502952903 2.50424936905045 1.73641973796897
"5" 1.3114286251821 2.13394574336421 2.16578908225912 1.32890253968846 1.53356087752611 3.84422955710936 3.67787342725324 1.52967213347832 1.5090568858597 3.46476150087443 3.43000185084012 1.5107931226859 1.27305029490109 1.99386899377755 2.01840729505077 1.28813039092462
"6" 3.27700540642238 5.39240818901995 5.04652260730132 3.02056504750389 3.84422955710936 10.2083718249901 8.29267969015625 3.4212379648283 3.78198094070614 9.10616045684236 7.70697534590329 3.37784211485985 3.17770524847952 5.01275646189699 4.70370269587264 2.9309367673444
"7" 3.37810698254039 5.82652956961357 8.61275290642105 5.19151608615418 3.67787342725324 8.29267969015625 17.3712687409558 6.08281375787865 3.63342719802044 7.74128722754274 13.5725903689624 5.80735159531478 3.28322864578934 5.39243926720192 7.13956450747212 4.73673264053928
"8" 1.39374129184892 2.33984291414378 3.38520155845137 2.28557867381511 1.52967213347832 3.4212379648283 6.08281375787865 2.7480486236472 1.51404235288924 3.20070156248804 5.5113349160477 2.6456151243496 1.36345757507966 2.2124388524926 3.01952403793199 2.11793606361307
"9" 1.29146963808161 2.10281843958695 2.13826718083041 1.31351509534918 1.5090568858597 3.78198094070614 3.63342719802044 1.51404235288924 1.48530842858922 3.41116380737151 3.41465858280241 1.49915911959231 1.25435832153782 1.96734526664199 2.00322230841382 1.27812221115317
"10" 2.96330939184174 4.88285353428049 4.66854859491652 2.80939235732729 3.46476150087443 9.10616045684236 7.74128722754274 3.20070156248804 3.41116380737151 8.15874858630527 7.3556620235429 3.17814346867614 2.87849549245964 4.55945733142954 4.40921115232136 2.74961715044246
"11" 3.12318729847561 5.27645600552391 7.13336079059981 4.56104627019644 3.43000185084012 7.70697534590329 13.5725903689624 5.5113349160477 3.41465858280241 7.3556620235429 14.8537255333967 5.64564557173432 3.10245692700867 5.1863329685933 7.35924121986492 4.69570870616038
"12" 1.37265378481549 2.29254604851016 3.2056344935645 2.16384237450537 1.5107931226859 3.37784211485985 5.80735159531478 2.6456151243496 1.49915911959231 3.17814346867614 5.64564557173432 2.68856691048114 1.35289104456421 2.20726357991569 3.09764277960913 2.17287460101376
"13" 1.09846928262673 1.80311074256814 1.90543407593673 1.17592982170715 1.27305029490109 3.17770524847952 3.28322864578934 1.36345757507966 1.25435832153782 2.87849549245964 3.10245692700867 1.35289104456421 1.06886827250824 1.69211347462327 1.79086650259194 1.14734622378167
"14" 1.73466804226868 2.88185678033303 3.10032771752699 1.90401502952903 1.99386899377755 5.01275646189699 5.39243926720192 2.2124388524926 1.96734526664199 4.55945733142954 5.1863329685933 2.20726357991569 1.69211347462327 2.71579718315861 2.9487362722501 1.87404182432859
"15" 1.81423734863245 3.0478613102216 3.89337209187154 2.50424936905045 2.01840729505077 4.70370269587264 7.13956450747212 3.01952403793199 2.00322230841382 4.40921115232136 7.35924121986492 3.09764277960913 1.79086650259194 2.9487362722501 3.90838582332033 2.5683990071451
"16" 1.16346372553534 1.94298946554803 2.61003761784181 1.73641973796897 1.28813039092462 2.9309367673444 4.73673264053928 2.11793606361307 1.27812221115317 2.74961715044246 4.69570870616038 2.17287460101376 1.14734622378167 1.87404182432859 2.5683990071451 1.77119878655241
