"V1" "V2" "V3" "V4" "V5" "V6" "V7" "V8" "V9" "V10" "V11" "V12" "V13" "V14" "V15" "V16"
"1" 0.230108229844195 0.379216062669451 0.393131819851509 0.238886484927909 0.266875325539353 0.67740943525427 0.67700139139171 0.274915153916839 0.262894769672436 0.611361368350325 0.628394870084523 0.271835197791801 0.223589918531489 0.354511475437293 0.365410486069933 0.231822478566078
"2" 0.379216062669451 0.659090585658358 0.700466386967711 0.416303943419696 0.439360883988943 1.15865993520022 1.23042337439189 0.480543895036315 0.433119617037852 1.04796501531645 1.11252239596413 0.471322605824321 0.369473804120308 0.608420562440606 0.640696057786431 0.395581757479034
"3" 0.393131819851509 0.700466386967711 0.97263278912608 0.583321299267182 0.438380750418596 1.07723393062977 1.83866150220461 0.684180463918086 0.432970916530442 0.991327339379177 1.49983443517416 0.649707566393221 0.383550802162597 0.647070137192866 0.81717515407332 0.52311383314575
"4" 0.238886484927909 0.416303943419696 0.583321299267182 0.384502133414324 0.264838119039691 0.625397813189682 1.05643551796733 0.456504489163697 0.261872379838387 0.580526980580359 0.92857777877777 0.433058063444032 0.234057083679584 0.388560393404608 0.508307162682004 0.345674778176618
"5" 0.266875325539353 0.439360883988943 0.438380750418596 0.264838119039691 0.314085888515386 0.798761630289388 0.743251777948018 0.30506149377995 0.309103198513071 0.718972778382103 0.69737415636779 0.302644799970115 0.259698966264274 0.410610724605838 0.410963932470307 0.25846138134084
"6" 0.67740943525427 1.15865993520022 1.07723393062977 0.625397813189682 0.798761630289388 2.24845100786027 1.79584797252847 0.710067566371072 0.786208872362511 2.00107148907176 1.66188315701706 0.701468876200726 0.658068647648737 1.06578101865158 1.00388669205404 0.603413494144945
"7" 0.67700139139171 1.23042337439189 1.83866150220461 1.05643551796733 0.743251777948018 1.79584797252847 3.82866952627168 1.23739987866079 0.734505142093933 1.66308595300343 2.91881924044007 1.18417457051441 0.660399634687816 1.12442531638732 1.51960132444553 0.948518323431508
"8" 0.274915153916839 0.480543895036315 0.684180463918086 0.456504489163697 0.30506149377995 0.710067566371072 1.23739987866079 0.548662795696203 0.302048341883145 0.662890417460824 1.1210862168269 0.528894344370111 0.270451947703731 0.45214037562179 0.612439661266388 0.420490826959973
"9" 0.262894769672436 0.433119617037852 0.432970916530442 0.261872379838387 0.309103198513071 0.786208872362511 0.734505142093933 0.302048341883145 0.304463646019207 0.7081628315557 0.694282107630025 0.300358137856961 0.255975678846569 0.405278960061539 0.407901533465991 0.256480358275109
"10" 0.611361368350325 1.04796501531645 0.991327339379177 0.580526980580359 0.718972778382103 2.00107148907176 1.66308595300343 0.662890417460824 0.7081628315557 1.79115638639445 1.57901538713147 0.658355432531557 0.595026544837166 0.968274212873096 0.937279303420422 0.564802838097187
"11" 0.628394870084523 1.11252239596413 1.49983443517416 0.92857777877777 0.69737415636779 1.66188315701706 2.91881924044007 1.1210862168269 0.694282107630025 1.57901538713147 3.25804744233276 1.14717339749203 0.627628654857116 1.08254696785904 1.56172374128958 0.94704067054915
"12" 0.271835197791801 0.471322605824321 0.649707566393221 0.433058063444032 0.302644799970115 0.701468876200726 1.18417457051441 0.528894344370111 0.300358137856961 0.658355432531557 1.14717339749203 0.537719148728266 0.269528042597244 0.451196882814439 0.627479333982659 0.431664638939412
"13" 0.223589918531489 0.369473804120308 0.383550802162597 0.234057083679584 0.259698966264274 0.658068647648737 0.660399634687816 0.270451947703731 0.255975678846569 0.595026544837166 0.627628654857116 0.269528042597244 0.218250290143905 0.34675095336399 0.362543760701596 0.229893859317464
"14" 0.354511475437293 0.608420562440606 0.647070137192866 0.388560393404608 0.410610724605838 1.06578101865158 1.12442531638732 0.45214037562179 0.405278960061539 0.968274212873096 1.08254696785904 0.451196882814439 0.34675095336399 0.573288060952615 0.616458601574289 0.381360820553933
"15" 0.365410486069933 0.640696057786431 0.81717515407332 0.508307162682004 0.410963932470307 1.00388669205404 1.51960132444553 0.612439661266388 0.407901533465991 0.937279303420422 1.56172374128958 0.627479333982659 0.362543760701596 0.616458601574289 0.824292359653467 0.516568691400122
"16" 0.231822478566078 0.395581757479034 0.52311383314575 0.345674778176618 0.25846138134084 0.603413494144945 0.948518323431508 0.420490826959973 0.256480358275109 0.564802838097187 0.94704067054915 0.431664638939412 0.229893859317464 0.381360820553933 0.516568691400122 0.353159105021436
