"V1" "V2" "V3" "V4" "V5" "V6" "V7" "V8" "V9" "V10" "V11" "V12" "V13" "V14" "V15" "V16"
"1" 23.8763876915056 39.8538184021218 38.0010398364988 23.1532648729546 27.7314154108193 77.5670835549437 62.3873371708203 26.4318992618303 27.3210338532267 68.5522632216586 58.1412769995875 26.0721044435536 23.1901237619122 37.0550081741722 35.4063924356384 22.4151300575824
"2" 39.8538184021218 66.9332289098371 64.7635022968784 39.1662626029587 46.1230255098602 129.167926219943 107.397963633487 44.6171992201505 45.4475845691952 114.292202344925 98.4476897401512 43.8129848305618 38.7042390110841 62.1420826928087 59.7109765252378 37.6630910986856
"3" 38.0010398364988 64.7635022968784 80.3157391583503 50.2423418918178 42.5312366941798 108.836373056548 144.564054594364 58.5027129846603 41.9708319710758 98.397379156937 122.026685936689 55.6384351056017 36.9177776659129 60.0138625289656 69.0456980869035 45.817097635054
"4" 23.1532648729546 39.1662626029587 50.2423418918178 32.6736615431116 25.8254743287518 64.6699390199798 88.7487912717931 38.5455152500202 25.5095561255127 58.7468057728653 78.0416119481599 36.8012410672569 22.5480419753781 36.5611401406114 44.0227940471826 29.9562224238093
"5" 27.7314154108193 46.1230255098602 42.5312366941798 25.8254743287518 32.3640147556105 91.2396195004931 68.8052570466662 29.366891882517 31.8712968848473 80.4085864571858 64.604277980243 29.0367445385244 26.9208851526181 42.8532986167556 39.8538300050071 25.1044349625518
"6" 77.5670835549437 129.167926219943 108.836373056548 64.6699390199798 91.2396195004931 266.456286106491 168.610648956921 72.2496792891889 89.7808186372301 233.013754259225 158.318013619347 71.4459793584952 75.1722397524517 119.457086439875 102.212155206033 62.9830958474109
"7" 62.3873371708203 107.397963633487 144.564054594364 88.7487912717931 68.8052570466662 168.610648956921 274.500488126163 103.621256868922 67.9451652014901 154.198201003709 222.94998310207 98.7105456223463 60.6220873025524 99.3518561580245 121.973952630673 80.9161918796306
"8" 26.4318992618303 44.6171992201505 58.5027129846603 38.5455152500202 29.366891882517 72.2496792891889 103.621256868922 45.8975983419401 29.0413273607448 66.0093033599156 93.7945600442281 44.4245341221202 25.8142363632294 41.94632731409 52.4967291422069 36.0527765604387
"9" 27.3210338532267 45.4475845691952 41.9708319710758 25.5095561255127 31.8712968848473 89.7808186372301 67.9451652014901 29.0413273607448 31.3926084330506 79.1655533663954 64.187263975833 28.774865415858 26.5322141348317 42.264600651728 39.4884170201872 24.8742340275531
"10" 68.5522632216586 114.292202344925 98.397379156937 58.7468057728653 80.4085864571858 233.013754259225 154.198201003709 66.0093033599156 79.1655533663954 204.370469545769 147.098306404501 65.5697120465767 66.5179973209011 106.02687621363 93.2544334963236 57.5869805524595
"11" 58.1412769995875 98.4476897401512 122.026685936689 78.0416119481599 64.604277980243 158.318013619347 222.94998310207 93.7945600442281 64.187263975833 147.098306404501 237.816498022132 96.346790036621 57.5020854924678 95.5712345463875 124.611487923065 80.4228801783637
"12" 26.0721044435536 43.8129848305618 55.6384351056017 36.8012410672569 29.0367445385244 71.4459793584952 98.7105456223463 44.4245341221202 28.774865415858 65.5697120465767 96.346790036621 44.8926992677751 25.6206489082791 41.8285197623032 53.6846991240304 36.734144828301
"13" 23.1901237619122 38.7042390110841 36.9177776659129 22.5480419753781 26.9208851526181 75.1722397524517 60.6220873025524 25.8142363632294 26.5322141348317 66.5179973209011 57.5020854924678 25.6206489082791 22.5477461572629 36.0785254540653 34.8146024508709 22.0317627488852
"14" 37.0550081741722 62.1420826928087 60.0138625289656 36.5611401406114 42.8532986167556 119.457086439875 99.3518561580245 41.94632731409 42.264600651728 106.02687621363 95.5712345463875 41.8285197623032 36.0785254540653 58.0957668573922 57.1290684925565 35.9858011489047
"15" 35.4063924356384 59.7109765252378 69.0456980869035 44.0227940471826 39.8538300050071 102.212155206033 121.973952630673 52.4967291422069 39.4884170201872 93.2544334963236 124.611487923065 53.6846991240304 34.8146024508709 57.1290684925565 68.7907324058235 44.9172352818452
"16" 22.4151300575824 37.6630910986856 45.817097635054 29.9562224238093 25.1044349625518 62.9830958474109 80.9161918796306 36.0527765604387 24.8742340275531 57.5869805524595 80.4228801783637 36.734144828301 22.0317627488852 35.9858011489047 44.9172352818452 30.3067880897788
