"V1" "V2" "V3" "V4" "V5" "V6" "V7" "V8" "V9" "V10" "V11" "V12" "V13" "V14" "V15" "V16"
"1" 11.9608700858731 19.9495105475278 18.9816632976718 11.5647868073798 13.9004938817785 38.8569398371386 31.1354162430654 13.1990560482486 13.6937828731056 34.3372467380123 29.0198141175642 13.0200139389141 11.6165086687161 18.546792665988 17.6877786595708 11.1968514749819
"2" 19.9495105475278 33.4801083928713 32.3349674347729 19.554698067243 23.0995473389132 64.6557775660497 53.5807653825353 22.2714244652443 22.7597864287032 57.2039126536285 49.1218613060137 21.8711800879202 19.3727264336388 31.0815956422781 29.8162345845039 18.8056162325221
"3" 18.9816632976718 32.3349674347729 40.0443825027621 25.0493893925377 21.2531545713122 54.3844751264363 72.0496919063458 29.1644174906623 20.9721908488323 49.1616192122498 60.8244095675194 27.7382475080231 18.4398415621986 29.9623875272533 34.4304787754115 22.8452967199695
"4" 11.5647868073798 19.554698067243 25.0493893925377 16.2884563616867 12.9048792423362 32.3165227104551 44.2310833791318 19.2138806873533 12.7464187159172 29.352194998847 38.8980107518475 18.3454380273727 11.2619611038688 18.2529864036673 21.9509565294203 14.935409611999
"5" 13.9004938817785 23.0995473389132 21.2531545713122 12.9048792423362 16.2319382341963 45.7283259514551 34.3493644269709 14.6704288890654 15.9839783220097 40.2958630609082 32.2559918820479 14.5061628202366 13.493009616354 21.4598934897075 19.9176236075904 12.5453697370518
"6" 38.8569398371386 64.6557775660497 54.3844751264363 32.3165227104551 45.7283259514551 133.434123035481 84.1816867693838 36.0958571843123 44.9942516746076 116.681940238993 79.052705458518 35.6961057713333 37.6547308474804 59.7908431133806 51.0801127077504 31.4753255647038
"7" 31.1354162430654 53.5807653825353 72.0496919063458 44.2310833791318 34.3493644269709 84.1816867693838 136.770459791758 51.6392829082873 33.918861797436 76.9762967706373 111.09563344047 49.1940501962483 30.2536061497194 49.5652929267415 60.7972013665153 40.3299858360977
"8" 13.1990560482486 22.2714244652443 29.1644174906623 19.2138806873533 14.6704288890654 36.0958571843123 51.6392829082873 22.8757175062213 14.5071144262033 32.972969979449 46.7446580592533 22.14284047108 12.8899760820791 20.9367898741902 26.1722641256193 17.9723805483943
"9" 13.6937828731056 22.7597864287032 20.9721908488323 12.7464187159172 15.9839783220097 44.9942516746076 33.918861797436 14.5071144262033 15.742285762715 39.6702562823112 32.0461892228199 14.3745694555263 13.2972118621784 21.1636259665515 19.7338273992848 12.4296131699527
"10" 34.3372467380123 57.2039126536285 49.1616192122498 29.352194998847 40.2958630609082 116.681940238993 76.9762967706373 32.972969979449 39.6702562823112 102.332063984418 73.4378081944088 32.7545119163446 33.3158760140911 53.062710528484 46.595677092791 28.7736376306253
"11" 29.0198141175642 49.1218613060137 60.8244095675194 38.8980107518475 32.2559918820479 79.052705458518 111.09563344047 46.7446580592533 32.0461892228199 73.4378081944088 118.498255776997 48.0163835445987 28.6988550873222 47.6812097673513 62.1099633826951 40.0838655501889
"12" 13.0200139389141 21.8711800879202 27.7382475080231 18.3454380273727 14.5061628202366 35.6961057713333 49.1940501962483 22.14284047108 14.3745694555263 32.7545119163446 48.0163835445987 22.3761996396219 12.793716204911 20.878417331092 26.764365745031 18.3121842682495
"13" 11.6165086687161 19.3727264336388 18.4398415621986 11.2619611038688 13.493009616354 37.6547308474804 30.2536061497194 12.8899760820791 13.2972118621784 33.3158760140911 28.6988550873222 12.793716204911 11.2933380757515 18.0565875739465 17.3907907850205 11.0045354914773
"14" 18.546792665988 31.0815956422781 29.9623875272533 18.2529864036673 21.4598934897075 59.7908431133806 49.5652929267415 20.9367898741902 21.1636259665515 53.062710528484 47.6812097673513 20.878417331092 18.0565875739465 29.0543609409731 28.5234810071105 17.9660638850399
"15" 17.6877786595708 29.8162345845039 34.4304787754115 21.9509565294203 19.9176236075904 51.0801127077504 60.7972013665153 26.1722641256193 19.7338273992848 46.595677092791 62.1099633826951 26.764365745031 17.3907907850205 28.5234810071105 34.3016674731658 22.3963123006062
"16" 11.1968514749819 18.8056162325221 22.8452967199695 14.935409611999 12.5453697370518 31.4753255647038 40.3299858360977 17.9723805483943 12.4296131699527 28.7736376306253 40.0838655501889 18.3121842682495 11.0045354914773 17.9660638850399 22.3963123006062 15.10968511182
