"V1" "V2" "V3" "V4" "V5" "V6" "V7" "V8" "V9" "V10" "V11" "V12" "V13" "V14" "V15" "V16"
"1" 95.3367265945001 159.238030896616 152.094438001358 92.6704142034649 110.68277329906 309.727504616925 249.872758276658 105.811616968955 109.049900031948 273.760932595621 232.843431587553 104.37124869085 92.6056070054398 148.062358024382 141.695756372701 89.7116984469757
"2" 159.238030896616 267.578867149586 259.297971909674 156.813835478467 184.210192774499 516.079534676457 430.25936424398 178.664050652625 181.519738265164 456.691551154585 394.360035728459 175.442678871534 154.651961362742 248.43725479751 239.043757078655 150.787178108742
"3" 152.094438001358 259.297971909674 321.917400510827 201.387893227974 170.170144112065 435.458167633492 579.627039019262 234.516451574751 167.93238212911 393.740091368776 489.215970666652 223.029276329024 147.762624430802 240.28465683429 276.717011693115 183.637292723285
"4" 92.6704142034649 156.813835478467 201.387893227974 130.971228109834 103.331396916306 258.737231048652 355.840544910071 154.525637033337 102.070337128468 235.071697166653 312.887838675538 147.530530528896 90.2509034124662 146.387565098625 176.441539593296 120.075127224601
"5" 110.68277329906 184.210192774499 170.170144112065 103.331396916306 129.106208288269 364.178035151268 275.506807596182 117.523735136495 127.150762977616 320.979644201277 258.659773874185 116.202942374255 107.45438055067 171.160088188426 159.442361006083 100.441949878172
"6" 309.727504616925 516.079534676457 435.458167633492 258.737231048652 364.178035151268 1064.19341312719 675.081858718668 289.105012254308 358.368706804148 930.689637935759 633.806395168205 285.891382757892 300.177496253426 477.291389516528 408.917952257302 251.977772044076
"7" 249.872758276658 430.25936424398 579.627039019262 355.840544910071 275.506807596182 675.081858718668 1100.84735580369 415.493422469945 272.068211091559 617.447749020902 894.046748198674 395.797496238314 242.806901701336 398.027204224821 489.010483652457 324.420948627151
"8" 105.811616968955 178.664050652625 234.516451574751 154.525637033337 117.523735136495 289.105012254308 415.493422469945 184.010224143268 116.224295853735 264.172429397207 376.073065563499 178.107696897198 103.342664964259 167.975414950634 210.427156174171 144.527505651131
"9" 109.049900031948 181.519738265164 167.93238212911 102.070337128468 127.150762977616 358.368706804148 272.068211091559 116.224295853735 125.243344468777 316.03012634678 256.998513879836 115.158941618909 105.908027115718 168.816021950509 157.986544310925 99.5247030117099
"10" 273.760932595621 456.691551154585 393.740091368776 235.071697166653 320.979644201277 930.689637935759 617.447749020902 264.172429397207 316.03012634678 816.340581410247 588.978599749126 262.418154530234 265.649728384241 423.679306610941 373.137617949436 230.425569442789
"11" 232.843431587553 394.360035728459 489.215970666652 312.887838675538 258.659773874185 633.806395168205 894.046748198674 376.073065563499 256.998513879836 588.978599749126 953.68642058983 386.317304991782 230.294900075483 382.866754358156 499.594407854394 322.444128766721
"12" 104.37124869085 175.442678871534 223.029276329024 147.530530528896 116.202942374255 285.891382757892 395.797496238314 178.107696897198 115.158941618909 262.418154530234 386.317304991782 179.986242935468 102.569042280976 167.507515989752 215.197129502867 147.264495429643
"13" 92.6056070054398 154.651961362742 147.762624430802 90.2509034124662 107.45438055067 300.177496253426 242.806901701336 103.342664964259 105.908027115718 265.649728384241 230.294900075483 102.569042280976 90.0419599087233 144.168598275025 139.335241262827 88.1821762624244
"14" 148.062358024382 248.43725479751 240.28465683429 146.387565098625 171.160088188426 477.291389516528 398.027204224821 167.975414950634 168.816021950509 423.679306610941 382.866754358156 167.507515989752 144.168598275025 232.269852188312 228.725670894007 144.082985505473
"15" 141.695756372701 239.043757078655 276.717011693115 176.441539593296 159.442361006083 408.917952257302 489.010483652457 210.427156174171 157.986544310925 373.137617949436 499.594407854394 215.197129502867 139.335241262827 228.725670894007 275.697943750035 180.032498014516
"16" 89.7116984469757 150.787178108742 183.637292723285 120.075127224601 100.441949878172 251.977772044076 324.420948627151 144.527505651131 99.5247030117099 230.425569442789 322.444128766721 147.264495429643 88.1821762624244 144.082985505473 180.032498014516 121.480125139597
