"V1" "V2" "V3" "V4" "V5" "V6" "V7" "V8" "V9" "V10" "V11" "V12" "V13" "V14" "V15" "V16"
"1" 2.5660020647631 4.19066980988099 4.18972637167177 2.57312822761276 2.99756018519802 7.74497467679159 7.06567407954152 2.95675659099714 2.95033858528616 6.93088108161909 6.55340979254457 2.91397954349212 2.49031712878043 3.90794466950704 3.89015111566989 2.48613934570006
"2" 4.19066980988099 6.92484268089297 7.09317808312523 4.31267415048481 4.86125433465473 12.6277527127464 12.1295831193334 4.94552886754942 4.78704070692978 11.3224303358771 11.030237151077 4.8497905861576 4.06814831152542 6.44721246318464 6.50255268152958 4.13516666606513
"3" 4.18972637167177 7.09317808312523 9.40941110962552 5.89981423985571 4.66652049365209 11.145532187477 17.3873900118742 6.90168475227421 4.60463366637804 10.2242156490067 14.4757671214961 6.54306785199196 4.06974682498688 6.58220739101613 7.99487589817203 5.34710028580881
"4" 2.57312822761276 4.31267415048481 5.89981423985571 3.9010477979579 2.85760027854087 6.6715159497408 10.5362444034062 4.63023451878571 2.82272633059754 6.15032641237024 9.26129617482285 4.39466016147187 2.50648619048984 4.0375644017171 5.13356396992387 3.5425006716594
"5" 2.99756018519802 4.86125433465473 4.66652049365209 2.85760027854087 3.52648379269154 9.16254817584831 7.74375506791832 3.26966365527635 3.46859855146299 8.17165378962845 7.24352527787775 3.23107623960381 2.90675389079975 4.52939633925816 4.3618174674387 2.77380485315928
"6" 7.74497467679159 12.6277527127464 11.145532187477 6.6715159497408 9.16254817584831 24.8658483453497 17.830114232932 7.50779290212189 9.00760165023667 21.9871687810402 16.6399644441144 7.41795629019412 7.49988094546991 11.7098621889225 10.4276104984734 6.48460709731524
"7" 7.06567407954152 12.1295831193334 17.3873900118742 10.5362444034062 7.74375506791832 17.830114232932 34.4614717009099 12.3302565417457 7.64695466769627 16.5300826718927 27.224162920886 11.7655296785594 6.86425574342402 11.2224352695685 14.4834291827729 9.61224430719132
"8" 2.95675659099714 4.94552886754942 6.90168475227421 4.63023451878571 3.26966365527635 7.50779290212189 12.3302565417457 5.55049938116226 3.23405448456834 6.96250250533255 11.171666876066 5.35220933570603 2.88947860118106 4.66667530702085 6.16758179251013 4.30266984481271
"9" 2.95033858528616 4.78704070692978 4.60463366637804 2.82272633059754 3.46859855146299 9.00760165023667 7.64695466769627 3.23405448456834 3.41252251940366 8.03889217516401 7.20416255075807 3.2034387515486 2.86230177971509 4.46534922392867 4.32453892328529 2.74967100393345
"10" 6.93088108161909 11.3224303358771 10.2242156490067 6.15032641237024 8.17165378962845 21.9871687810402 16.5300826718927 6.96250250533255 8.03889217516401 19.5159793768824 15.7390687467168 6.9151512318126 6.72202506956288 10.5406915192298 9.67726303140001 6.02453301126926
"11" 6.55340979254457 11.030237151077 14.4757671214961 9.26129617482285 7.24352527787775 16.6399644441144 27.224162920886 11.171666876066 7.20416255075807 15.7390687467168 29.5809509286546 11.4531595388782 6.4981916446121 10.7998245905243 14.8967083051024 9.53821840860533
"12" 2.91397954349212 4.8497905861576 6.54306785199196 4.39466016147187 3.23107623960381 7.41795629019412 11.7655296785594 5.35220933570603 3.2034387515486 6.9151512318126 11.4531595388782 5.43002255373073 2.86763829859131 4.65537747086694 6.3223886760325 4.40541210498576
"13" 2.49031712878043 4.06814831152542 4.06974682498688 2.50648619048984 2.90675389079975 7.49988094546991 6.86425574342402 2.88947860118106 2.86230177971509 6.72202506956288 6.4981916446121 2.86763829859131 2.42002347958825 3.80573083863953 3.83261632237713 2.44747063430059
"14" 3.90794466950704 6.44721246318464 6.58220739101613 4.0375644017171 4.52939633925816 11.7098621889225 11.2224352695685 4.66667530702085 4.46534922392867 10.5406915192298 10.7998245905243 4.65537747086694 3.80573083863953 6.0550207326398 6.26636470617332 3.97479706472258
"15" 3.89015111566989 6.50255268152958 7.99487589817203 5.13356396992387 4.3618174674387 10.4276104984734 14.4834291827729 6.16758179251013 4.32453892328529 9.67726303140001 14.8967083051024 6.3223886760325 3.83261632237713 6.26636470617332 8.0112265030499 5.25828676785776
"16" 2.48613934570006 4.13516666606513 5.34710028580881 3.5425006716594 2.77380485315928 6.48460709731524 9.61224430719132 4.30266984481271 2.74967100393345 6.02453301126926 9.53821840860533 4.40541210498576 2.44747063430059 3.97479706472258 5.25828676785776 3.60510970529036
