"V1" "V2" "V3" "V4" "V5" "V6" "V7" "V8" "V9" "V10" "V11" "V12" "V13" "V14" "V15" "V16"
"1" 4.50356164165301 7.39429668807651 7.84118330173658 4.82460374344049 5.21492771516914 13.0592381012172 13.5263671386809 5.57227094344362 5.14069625953896 11.8107620296124 12.486557217262 5.49222764755155 4.37637114854024 6.91217836461525 7.25561493421642 4.64510660925945
"2" 7.39429668807651 12.3228547331068 13.3483424306823 8.11945588152403 8.4904352740326 21.5029274978701 23.3169730966339 9.35165345060934 8.37586411912792 19.4716658907814 21.0793029619988 9.16967565792711 7.18713056237653 11.4840593463846 12.1831997805861 7.75490235539563
"3" 7.84118330173658 13.3483424306823 18.4589056676855 11.5711559852338 8.65030348563042 20.1825045443731 34.5337446484215 13.5601772883025 8.54914196641633 18.6733827080986 28.556876746308 12.8497796923108 7.62179976423116 12.3951944850667 15.6018574929232 10.4408927283417
"4" 4.82460374344049 8.11945588152403 11.5711559852338 7.69639122136824 5.30842858750273 12.0792264366642 20.8157530497448 9.15705040878406 5.25169367362914 11.2364736768689 18.2535978162812 8.67441545119901 4.70389307115448 7.61349687040404 10.0359776086797 6.94677480105863
"5" 5.21492771516914 8.4904352740326 8.65030348563042 5.30842858750273 6.09255209162941 15.2936549476027 14.7082653165165 6.10779524556133 5.99597197068316 13.785345541835 13.6963861327709 6.03705826669297 5.0628085822734 7.93903516957192 8.05998858551133 5.13590185177445
"6" 13.0592381012172 21.5029274978701 20.1825045443731 12.0792264366642 15.2936549476027 40.7126543361587 33.1971346049668 13.6743812733894 15.0612109302148 36.3185244779165 30.8158092715204 13.5110400599035 12.6644518968539 19.9789830026776 18.8078521609654 11.7018030469912
"7" 13.5263671386809 23.3169730966339 34.5337446484215 20.8157530497448 14.7082653165165 33.1971346049668 69.6684126062575 24.3715760401808 14.5435915613532 30.9932421683602 54.350097772088 23.2859036321902 13.1458280107358 21.5791883339552 28.6207524738077 18.9520036776369
"8" 5.57227094344362 9.35165345060934 13.5601772883025 9.15705040878406 6.10779524556133 13.6743812733894 24.3715760401808 11.0112030049739 6.05047188005634 12.7938158594149 22.0313740199182 10.6002215805235 5.4509925504451 8.84097733233687 12.0914126000099 8.47393331929576
"9" 5.14069625953896 8.37586411912792 8.54914196641633 5.25169367362914 5.99597197068316 15.0612109302148 14.5435915613532 6.05047188005634 5.9072477416034 13.5863028342259 13.6473253557683 5.99576005055816 4.99348864728382 7.83425764860147 8.00769472846225 5.10050819663082
"10" 11.8107620296124 19.4716658907814 18.6733827080986 11.2364736768689 13.785345541835 36.3185244779165 30.9932421683602 12.7938158594149 13.5863028342259 32.5421619505616 29.4122701324217 12.7144900944926 11.4735724886948 18.1741973729923 17.6335444010647 10.9777708036421
"11" 12.486557217262 21.0793029619988 28.556876746308 18.2535978162812 13.6963861327709 30.8158092715204 54.350097772088 22.0313740199182 13.6473253557683 29.4122701324217 59.4146393391296 22.5869961994505 12.4023561786834 20.7221033553475 29.4350442140285 18.7184467370738
"12" 5.49222764755155 9.16967565792711 12.8497796923108 8.67441545119901 6.03705826669297 13.5110400599035 23.2859036321902 10.6002215805235 5.99576005055816 12.7144900944926 22.5869961994505 10.7792247154561 5.41325123429638 8.82872919438594 12.4161625955473 8.69320715265511
"13" 4.37637114854024 7.18713056237653 7.62179976423116 4.70389307115448 5.0628085822734 12.6644518968539 13.1458280107358 5.4509925504451 4.99348864728382 11.4735724886948 12.4023561786834 5.41325123429638 4.25880144856785 6.74304921243048 7.16229389124762 4.58042741258616
"14" 6.91217836461525 11.4840593463846 12.3951944850667 7.61349687040404 7.93903516957192 19.9789830026776 21.5791883339552 8.84097733233687 7.83425764860147 18.1741973729923 20.7221033553475 8.82872919438594 6.74304921243048 10.8322686214262 11.7879774460018 7.47769935648592
"15" 7.25561493421642 12.1831997805861 15.6018574929232 10.0359776086797 8.05998858551133 18.8078521609654 28.6207524738077 12.0914126000099 8.00769472846225 17.6335444010647 29.4350442140285 12.4161625955473 7.16229389124762 11.7879774460018 15.6621119063022 10.2662690795886
"16" 4.64510660925945 7.75490235539563 10.4408927283417 6.94677480105863 5.13590185177445 11.7018030469912 18.9520036776369 8.47393331929576 5.10050819663082 10.9777708036421 18.7184467370738 8.69320715265511 4.58042741258616 7.47769935648592 10.2662690795886 7.08445440211801
