"V1" "V2" "V3" "V4" "V5" "V6" "V7" "V8" "V9" "V10" "V11" "V12" "V13" "V14" "V15" "V16"
"1" 0.936919742885278 1.53274794483828 1.59761088680378 0.970872682722948 1.07202983134356 2.73041608159172 2.76063148608323 1.11726546285582 1.05754736000816 2.46596997727923 2.55424953312091 1.10237644335143 0.89912601016427 1.43355804779462 1.48318648143021 0.939419038606379
"2" 1.53274794483828 2.62498001803692 2.78965995201618 1.66782564313542 1.76157791891019 4.60034795049317 4.8845458330038 1.91551745262565 1.73915944777203 4.15918739238729 4.41779960109 1.87862777593061 1.4868859005564 2.43176174988764 2.55095040374775 1.59893212429837
"3" 1.59761088680378 2.78965995201618 3.89885762350983 2.34898277873869 1.76814342192111 4.26948900698262 7.32367346638913 2.75020500268406 1.74815461877741 3.94354206419476 6.00973288130214 2.61091134027636 1.54574429044365 2.58735081761437 3.22923714213935 2.12773536413371
"4" 0.970872682722948 1.66782564313542 2.34898277873869 1.55799610721415 1.07093494339288 2.51143967236276 4.2443645446316 1.83797691084519 1.05989999175981 2.33125975013393 3.74008568960709 1.74412120230198 0.942100793217502 1.56158904306136 2.04047031741707 1.39889370660496
"5" 1.07202983134356 1.76157791891019 1.76814342192111 1.07093494339288 1.26320152395903 3.19569774472683 3.01148040072026 1.22790215356999 1.23409318986435 2.87777519428859 2.81084402630861 1.2146479016639 1.0392276864796 1.64680175602932 1.65252548539635 1.04083923892684
"6" 2.73041608159172 4.60034795049317 4.26948900698262 2.51143967236276 3.19569774472683 8.92004216669182 7.02551763848221 2.83822892283927 3.15047436329762 7.93378723440498 6.53400896371059 2.80411453418573 2.64548985427778 4.26628769657684 3.98038150747657 2.44197983708198
"7" 2.76063148608323 4.8845458330038 7.32367346638913 4.2443645446316 3.01148040072026 7.02551763848221 15.3392084238839 4.97679382811151 2.97844143895288 6.55934072961657 11.7927459149444 4.77150083653806 2.66515547860492 4.51318894214657 5.99734546464411 3.89257019076959
"8" 1.11726546285582 1.91551745262565 2.75020500268406 1.83797691084519 1.22790215356999 2.83822892283927 4.97679382811151 2.22474543758921 1.21673541063252 2.65027447973492 4.53168335900248 2.13928694318624 1.08760662265524 1.80980204818577 2.46553304027247 1.7115278623234
"9" 1.05754736000816 1.73915944777203 1.74815461877741 1.05989999175981 1.23409318986435 3.15047436329762 2.97844143895288 1.21673541063252 1.22679382862139 2.83905337069156 2.80070246684753 1.20642106433964 1.0257490156814 1.6278155948226 1.6419621007353 1.03378301759991
"10" 2.46596997727923 4.15918739238729 3.94354206419476 2.33125975013393 2.87777519428859 7.93378723440498 6.55934072961657 2.65027447973492 2.83905337069156 7.11512101774205 6.23665273562709 2.63389563972369 2.39317017337853 3.87621537134655 3.72598246788491 2.28727866922942
"11" 2.55424953312091 4.41779960109 6.00973288130214 3.74008568960709 2.81084402630861 6.53400896371059 11.7927459149444 4.53168335900248 2.80070246684753 6.23665273562709 13.0482881996476 4.65406999335217 2.52795345834772 4.34704662133295 6.20366157681668 3.86646551610634
"12" 1.10237644335143 1.87862777593061 2.61091134027636 1.74412120230198 1.2146479016639 2.80411453418573 4.77150083653806 2.13928694318624 1.20642106433964 2.63389563972369 4.65406999335217 2.19194906675306 1.08160302099635 1.80709796073738 2.53640437950712 1.76118117671797
"13" 0.89912601016427 1.4868859005564 1.54574429044365 0.942100793217502 1.0392276864796 2.64548985427778 2.66515547860492 1.08760662265524 1.0257490156814 2.39317017337853 2.52795345834772 1.08160302099635 0.885525764595264 1.39585587243462 1.45906518368488 0.922613671768329
"14" 1.43355804779462 2.43176174988764 2.58735081761437 1.56158904306136 1.64680175602932 4.26628769657684 4.51318894214657 1.80980204818577 1.6278155948226 3.87621537134655 4.34704662133295 1.80709796073738 1.39585587243462 2.30486744592562 2.46614892897523 1.54125682784975
"15" 1.48318648143021 2.55095040374775 3.22923714213935 2.04047031741707 1.65252548539635 3.98038150747657 5.99734546464411 2.46553304027247 1.6419621007353 3.72598246788491 6.20366157681668 2.53640437950712 1.45906518368488 2.46614892897523 3.29117905161185 2.10702865656279
"16" 0.939419038606379 1.59893212429837 2.12773536413371 1.39889370660496 1.04083923892684 2.44197983708198 3.89257019076959 1.7115278623234 1.03378301759991 2.28727866922942 3.86646551610634 1.76118117671797 0.922613671768329 1.54125682784975 2.10702865656279 1.45077350829909
