"V1" "V2" "V3" "V4" "V5" "V6" "V7" "V8" "V9" "V10" "V11" "V12" "V13" "V14" "V15" "V16"
"1" 109.85882451818 189.352145438831 190.157736251314 113.581487395396 125.16172496746 347.592700853193 316.201397609223 129.540730271824 123.562985961459 311.979279501153 293.74754982206 127.786894255454 107.008139498012 176.382858756031 176.537564713347 109.965690255247
"2" 189.352145438831 327.155837684003 330.392452126148 196.570838315714 215.442281729762 598.40914832132 551.597690336383 223.792472466789 212.678897683595 537.256141860297 506.939462119111 219.981275153485 184.370736925957 304.341546342682 304.489862132592 189.316301183851
"3" 190.157736251314 330.392452126148 389.853501082939 238.78231259444 212.105507877664 555.604945418715 685.182990912402 276.076897531354 209.518013772152 504.983267828051 593.374238977599 265.062365311257 185.07112503133 306.593682949608 342.124698123756 221.269919607892
"4" 113.581487395396 196.570838315714 238.78231259444 149.060246307994 126.288528786585 325.086112134512 420.198859805602 173.932420576295 124.837910777071 296.681989601593 371.432015470524 167.89017700861 110.736163282087 183.303960076954 212.076318687513 139.139077829491
"5" 125.16172496746 215.442281729762 212.105507877664 126.288528786585 142.98006383394 399.61475637838 349.80075295613 143.673375942026 141.125992198723 358.037228055225 326.605396002288 141.979198442447 121.886301520365 200.627720684037 197.685250242757 122.63257774729
"6" 347.592700853193 598.40914832132 555.604945418715 325.086112134512 399.61475637838 1141.84872239929 894.251646517112 365.355644740591 394.159989493953 1017.68161326127 834.382740067982 360.994914101383 338.052710044977 555.491424035773 518.317859031862 316.004598350478
"7" 316.201397609223 551.597690336383 685.182990912402 420.198859805602 349.80075295613 894.251646517112 1230.70219735101 487.538235285289 345.65332805669 817.60013298783 1045.96967051053 466.281372620587 307.746666898572 511.408965618845 593.374349158674 386.613575804284
"8" 129.540730271824 223.792472466789 276.076897531354 173.932420576295 143.673375942026 365.355644740591 487.538235285289 204.326942186174 142.139724440133 334.767985505264 440.843690784266 199.078167178963 126.552329432431 209.770023301675 249.447214380857 164.591936543789
"9" 123.562985961459 212.678897683595 209.518013772152 124.837910777071 141.125992198723 394.159989493953 345.65332805669 142.139724440133 139.310314271549 353.28611362455 324.088458365734 140.685842820995 120.361610218208 198.188764561585 195.847160055572 121.507010004623
"10" 311.979279501153 537.256141860297 504.983267828051 296.681989601593 358.037228055225 1017.68161326127 817.60013298783 334.767985505264 353.28611362455 908.786695166477 770.982940741453 332.008554529794 303.686605764626 499.81600541129 474.324871225076 289.928523556233
"11" 293.74754982206 506.939462119111 593.374238977599 371.432015470524 326.605396002288 834.382740067982 1045.96967051053 440.843690784266 324.088458365734 770.982940741453 1067.80241679118 450.40597114583 289.393651653668 485.427486995116 589.642746000887 378.614939529437
"12" 127.786894255454 219.981275153485 265.062365311257 167.89017700861 141.979198442447 360.994914101383 466.281372620587 199.078167178963 140.685842820995 332.008554529794 450.40597114583 199.60921957273 125.416075556195 208.645852295142 252.756965906573 165.990522639975
"13" 107.008139498012 184.370736925957 185.07112503133 110.736163282087 121.886301520365 338.052710044977 307.746666898572 126.552329432431 120.361610218208 303.686605764626 289.393651653668 125.416075556195 104.307695918776 172.067728715698 173.307465614354 107.948723793328
"14" 176.382858756031 304.341546342682 306.593682949608 183.303960076954 200.627720684037 555.491424035773 511.408965618845 209.770023301675 198.188764561585 499.81600541129 485.427486995116 208.645852295142 172.067728715698 284.531300746713 289.037557317318 179.678350792387
"15" 176.537564713347 304.489862132592 342.124698123756 212.076318687513 197.685250242757 518.317859031862 593.374349158674 249.447214380857 195.847160055572 474.324871225076 589.642746000887 252.756965906573 173.307465614354 289.037557317318 333.520525595753 213.397172383554
"16" 109.965690255247 189.316301183851 221.269919607892 139.139077829491 122.63257774729 316.004598350478 386.613575804284 164.591936543789 121.507010004623 289.928523556233 378.614939529437 165.990522639975 107.948723793328 179.678350792387 213.397172383554 138.85532040659
