"V1" "V2" "V3" "V4" "V5" "V6" "V7" "V8" "V9" "V10" "V11" "V12" "V13" "V14" "V15" "V16"
"1" 47.6986385243851 79.6504717691761 76.0336562727811 46.3264426817499 55.3836591669303 154.959087735933 124.883860528051 52.8923904875432 54.5657653421851 136.959961123041 116.376761079478 52.1727637787309 46.3302382683677 74.0596280154815 70.8376663696392 44.8482200378445
"2" 79.6504717691761 133.81668421509 129.609676574772 78.3828094150634 92.1536663142371 258.142588869582 215.019389767131 89.2997804739761 90.8065480276163 228.42946254097 197.086157879937 87.6904076060123 77.3550765590041 124.242361622608 119.489937617831 75.3719472356404
"3" 76.0336562727811 129.609676574772 160.851654980649 100.625048898933 85.0788511721208 217.71400350774 289.586415907447 117.174636883187 83.9593142099106 196.848480311424 244.424321184023 111.436473554368 73.8673344770928 120.105784731508 138.270845760488 91.7581759533059
"4" 46.3264426817499 78.3828094150634 100.625048898933 65.4401321969943 51.6614875944958 129.36109328861 177.779808397359 77.2057253707665 51.0305184393147 117.523736652341 156.324029274522 73.7115554020134 45.11633271158 73.1708102180922 88.1630237529963 59.996396492055
"5" 55.3836591669303 92.1536663142371 85.0788511721208 51.6614875944958 64.6133758113904 182.223580737003 137.706891573816 58.7529617002307 63.6327738317102 160.603233803395 129.290673682441 58.0930314364153 53.7669282367416 85.6241779518945 79.7180457907671 50.217783450105
"6" 154.959087735933 258.142588869582 217.71400350774 129.36109328861 182.223580737003 532.381291963156 337.437680898081 144.535983988007 179.314595913202 465.584446870263 316.817783438127 142.930159525813 150.178408998379 238.740692222622 204.451431911663 125.983606945916
"7" 124.883860528051 215.019389767131 289.586415907447 177.779808397359 137.706891573816 337.437680898081 549.949935382458 207.578739990274 135.987284323935 308.617913722502 446.649088952509 197.74027614096 121.351501131478 198.911690213288 244.320402978757 162.085229408279
"8" 52.8923904875432 89.2997804739761 117.174636883187 77.2057253707665 58.7529617002307 144.535983988007 207.578739990274 91.9354312603966 58.1027740220759 132.064922265427 187.887277035856 88.9861188354726 51.6575017429451 83.9565356040872 105.140605361839 72.2115092655911
"9" 54.5657653421851 90.8065480276163 83.9593142099106 51.0305184393147 63.6327738317102 179.314595913202 135.987284323935 58.1027740220759 62.6781329026842 158.124687780341 128.458903728518 57.5704492332103 52.9923515593813 84.4503454204063 78.9891560358112 49.7585675482424
"10" 136.959961123041 228.42946254097 196.848480311424 117.523736652341 160.603233803395 465.584446870263 308.617913722502 132.064922265427 158.124687780341 408.372397825463 294.395250281222 131.188175173723 132.899374592679 211.916293005337 186.55261919358 115.20204767022
"11" 116.376761079478 197.086157879937 244.424321184023 156.324029274522 129.290673682441 316.817783438127 446.649088952509 187.887277035856 128.458903728518 294.395250281222 476.439923084424 193.004487771934 115.100865484487 191.337892384993 249.606546991247 161.097392796914
"12" 52.1727637787309 87.6904076060123 111.436473554368 73.7115554020134 58.0930314364153 142.930159525813 197.74027614096 88.9861188354726 57.5704492332103 131.188175173723 193.004487771934 89.9257570073186 51.2709294278226 83.7226355931897 107.523389791005 73.5788760604966
"13" 46.3302382683677 77.3550765590041 73.8673344770928 45.11633271158 53.7669282367416 150.178408998379 121.351501131478 51.6575017429451 52.9923515593813 132.899374592679 115.100865484487 51.2709294278226 45.0475325553511 72.110414950866 69.6560902125953 44.0826772429725
"14" 74.0596280154815 124.242361622608 120.105784731508 73.1708102180922 85.6241779518945 238.740692222622 198.911690213288 83.9565356040872 84.4503454204063 211.916293005337 191.337892384993 83.7226355931897 72.110414950866 116.156493029689 114.329642762418 72.0192479186077
"15" 70.8376663696392 119.489937617831 138.270845760488 88.1630237529963 79.7180457907671 204.451431911663 244.320402978757 105.140605361839 78.9891560358112 186.55261919358 249.606546991247 107.523389791005 69.6560902125953 114.329642762418 137.761330067662 89.9566911287146
"16" 44.8482200378445 75.3719472356404 91.7581759533059 59.996396492055 50.217783450105 125.983606945916 162.085229408279 72.2115092655911 49.7585675482424 115.20204767022 161.097392796914 73.5788760604966 44.0826772429725 72.0192479186077 89.9566911287146 60.6992369382692
