"V1" "V2" "V3" "V4" "V5" "V6" "V7" "V8" "V9" "V10" "V11" "V12" "V13" "V14" "V15" "V16"
"1" 219.651519942361 378.653349996414 380.582292157584 227.32794350998 250.188258495156 694.740658745225 633.061455639062 259.295189997669 246.997835222115 623.625997920443 588.076153085613 255.779546045156 213.948899781648 352.731638370637 353.306093913442 220.0852142419
"2" 378.653349996414 654.361817551332 661.330023009473 393.473043043837 430.749807278302 1196.33306853128 1104.44700636355 448.001794708363 425.233003717192 1074.18184642589 1014.97092510743 440.362160447802 368.702148704783 608.739816153274 609.450680655928 378.940190810378
"3" 380.582292157584 661.330023009473 780.79305995708 478.235855936329 424.451738574303 1111.67825021207 1372.50335482194 552.959747383703 419.279044545681 1010.47454275461 1188.53341945503 530.883888261486 370.408015546562 613.703161073226 685.155063486571 443.144705161063
"4" 227.32794350998 393.473043043837 478.235855936329 298.559699940693 252.726144993526 650.445725226065 841.723568391982 348.384645851353 249.826515821493 593.665448419765 744.003244719465 336.274319844565 221.637193450771 366.924779486604 424.72905631353 278.669693232088
"5" 250.188258495156 430.749807278302 424.451738574303 252.726144993526 285.757612954974 798.564830560099 700.255994126604 287.546748408444 282.048694930726 715.557595944933 653.787288156 284.150716388436 243.649145886164 401.146179617966 395.576238052485 245.403714492387
"6" 694.740658745225 1196.33306853128 1111.67825021207 650.445725226065 798.564830560099 2281.73052052331 1789.93341633269 731.092674242099 787.681369863626 2033.79954469422 1669.99921581998 722.351901845959 675.69409823949 1110.57106889522 1037.02037528314 632.25857626944
"7" 633.061455639062 1104.44700636355 1372.50335482194 841.723568391982 700.255994126604 1789.93341633269 2465.57249659914 976.653907891041 691.959815608087 1636.61853916865 2095.37943906246 934.049510783904 616.141901650994 1023.98947527 1188.54608610466 774.423245759681
"8" 259.295189997669 448.001794708363 552.959747383703 348.384645851353 287.546748408444 731.092674242099 976.653907891041 409.295687350647 284.481101460475 669.943920921293 883.085438149464 398.764883740596 253.318296612431 419.941270800728 499.606067115205 329.66802549588
"9" 246.997835222115 425.233003717192 419.279044545681 249.826515821493 282.048694930726 787.681369863626 691.959815608087 284.481101460475 278.436323340427 706.077585391825 648.758409889488 281.566595210919 240.606588674774 396.277745737283 391.904922598399 243.155383479891
"10" 623.625997920443 1074.18184642589 1010.47454275461 593.665448419765 715.557595944933 2033.79954469422 1636.61853916865 669.943920921293 706.077585391825 1816.36701714048 1543.23377266376 664.41178327464 607.069120383627 999.362780249698 949.091355108265 580.141710150873
"11" 588.076153085613 1014.97092510743 1188.53341945503 744.003244719465 653.787288156 1669.99921581998 2095.37943906246 883.085438149464 648.758409889488 1543.23377266376 2139.15086825915 902.239604123281 579.374043883153 971.939571784562 1181.07783347014 758.398146094343
"12" 255.779546045156 440.362160447802 530.883888261486 336.274319844565 284.150716388436 722.351901845959 934.049510783904 398.764883740596 281.566595210919 664.41178327464 902.239604123281 399.836020260736 251.040215901863 417.686266485926 506.234807828952 332.468171253189
"13" 213.948899781648 368.702148704783 370.408015546562 221.637193450771 243.649145886164 675.69409823949 616.141901650994 253.318296612431 240.606588674774 607.069120383627 579.374043883153 251.040215901863 208.566538374685 344.112978780274 346.851502151844 216.054282460927
"14" 352.731638370637 608.739816153274 613.703161073226 366.924779486604 401.146179617966 1110.57106889522 1023.98947527 419.941270800728 396.277745737283 999.362780249698 971.939571784562 417.686266485926 344.112978780274 569.148705913618 578.547525230723 359.663550954657
"15" 353.306093913442 609.450680655928 685.155063486571 424.72905631353 395.576238052485 1037.02037528314 1188.54608610466 499.606067115205 391.904922598399 949.091355108265 1181.07783347014 506.234807828952 346.851502151844 578.547525230723 667.940113743231 427.377825721166
"16" 220.0852142419 378.940190810378 443.144705161063 278.669693232088 245.403714492387 632.25857626944 774.423245759681 329.66802549588 243.155383479891 580.141710150873 758.398146094343 332.468171253189 216.054282460927 359.663550954657 427.377825721166 278.111806563559
