"V1" "V2" "V3" "V4" "V5" "V6" "V7" "V8" "V9" "V10" "V11" "V12" "V13" "V14" "V15" "V16"
"1" 10.215208227339 16.7105982099918 16.7764841996754 10.3035916131029 11.9177143240955 30.8444139766977 28.3372092462686 11.8449503771675 11.7317645315318 27.6069515137016 26.2771160554497 11.6730154803075 9.91537917117925 15.5858748467114 15.5733118115302 9.95409415961134
"2" 16.7105982099918 27.6559775409191 28.4284347971793 17.2842853236575 19.3630670138966 50.3714445627225 48.6779205726924 19.8276039388388 19.0700193531001 45.1718696276742 44.2559890379002 19.4426278888329 16.2248872402767 25.7512484975725 26.0549937850197 16.5707519261327
"3" 16.7764841996754 28.4284347971793 37.8002496412099 23.7018152719812 18.6703134759352 44.609465730759 69.8919400002118 27.7313371085058 18.4243027258725 40.930764633135 58.1773807516694 26.2885115942832 16.2976525088606 26.3820170521987 32.1097203343959 21.4782802128444
"4" 10.3035916131029 17.2842853236575 23.7018152719812 15.6744537807505 11.4331689755863 26.6996288589599 42.3521239798006 18.606839345943 11.2946801063922 24.6198393996652 37.2226810941228 17.65904590096 10.0378438894513 16.1831769688237 20.6197252319679 14.2314347905256
"5" 11.9177143240955 19.3630670138966 18.6703134759352 11.4331689755863 14.0030603079083 36.451979558675 31.0376128183011 13.0882691035436 13.7748357261103 32.5146205175967 29.0262676928159 12.9332465054598 11.559245506987 18.0445354306837 17.4471699849648 11.0966730986655
"6" 30.8444139766977 50.3714445627225 44.609465730759 26.6996288589599 36.451979558675 99.1267761912453 71.4737575585899 30.0580569397414 35.8402295754321 87.6547020437239 66.6881305199319 29.6971300060785 29.8735522656261 46.7155019419702 41.7272098021178 25.9490620384795
"7" 28.3372092462686 48.6779205726924 69.8919400002118 42.3521239798006 31.0376128183011 71.4737575585899 138.583108747272 49.5687260265361 30.6515345974945 66.275103009558 109.463073091161 47.2966005159918 27.5312362010156 45.0387329481199 58.2093396146555 38.6347226408601
"8" 11.8449503771675 19.8276039388388 27.7313371085058 18.606839345943 13.0882691035436 30.0580569397414 49.5687260265361 22.3092116768384 12.9469035421956 27.8820616139458 44.9074805485353 21.5108310799773 11.576750929154 18.711695539878 24.7786385807136 17.2890801442557
"9" 11.7317645315318 19.0700193531001 18.4243027258725 11.2946801063922 13.7748357261103 35.8402295754321 30.6515345974945 12.9469035421956 13.5549366291199 31.9907396930199 28.8712566890239 12.8239482146255 11.3842440095528 17.7919218771245 17.3000925276698 11.0013783337116
"10" 27.6069515137016 45.1718696276742 40.930764633135 24.6198393996652 32.5146205175967 87.6547020437239 66.275103009558 27.8820616139458 31.9907396930199 77.8099445775557 63.0950517392735 27.6920000790571 26.780068676662 42.0592639545545 38.7356419490531 24.1149841777596
"11" 26.2771160554497 44.2559890379002 58.1773807516694 37.2226810941228 29.0262676928159 66.6881305199319 109.463073091161 44.9074805485353 28.8712566890239 63.0950517392735 118.947330200358 46.0402227390601 26.0593457104898 43.339606006099 59.8729599790993 38.337314411838
"12" 11.6730154803075 19.4426278888329 26.2885115942832 17.65904590096 12.9332465054598 29.6971300060785 47.2966005159918 21.5108310799773 12.8239482146255 27.6920000790571 46.0402227390601 21.8245553952765 11.489047450196 18.6664499206267 25.4016239628381 17.7025090489034
"13" 9.91537917117925 16.2248872402767 16.2976525088606 10.0378438894513 11.559245506987 29.8735522656261 27.5312362010156 11.576750929154 11.3842440095528 26.780068676662 26.0593457104898 11.489047450196 9.63818301675999 15.1812566387092 15.3456286826506 9.80087403522022
"14" 15.5858748467114 25.7512484975725 26.3820170521987 16.1831769688237 18.0445354306837 46.7155019419702 45.0387329481199 18.711695539878 17.7919218771245 42.0592639545545 43.339606006099 18.6664499206267 15.1812566387092 24.1899819606859 25.1139405745733 15.9312471154339
"15" 15.5733118115302 26.0549937850197 32.1097203343959 20.6197252319679 17.4471699849648 41.7272098021178 58.2093396146555 24.7786385807136 17.3000925276698 38.7356419490531 59.8729599790993 25.4016239628381 15.3456286826506 25.1139405745733 32.1777103957892 21.1219035121881
"16" 9.95409415961134 16.5707519261327 21.4782802128444 14.2314347905256 11.0966730986655 25.9490620384795 38.6347226408601 17.2890801442557 11.0013783337116 24.1149841777596 38.337314411838 17.7025090489034 9.80087403522022 15.9312471154339 21.1219035121881 14.4841316208232
