"V1" "V2" "V3" "V4" "V5" "V6" "V7" "V8" "V9" "V10" "V11" "V12" "V13" "V14" "V15" "V16"
"1" 0.458602266523358 0.756854303565317 0.787174292293956 0.478451608326238 0.531674891569376 1.35096295570436 1.35681103804624 0.550450048743584 0.523803284483029 1.21959636637713 1.25795337303273 0.543180416430419 0.445848042550837 0.707671709793336 0.728848709015568 0.462911506470679
"2" 0.756854303565317 1.30894588051357 1.38543805874839 0.817203506047041 0.872366100254022 2.30702080755787 2.42662073433339 0.939683449588467 0.859993539676834 2.0861655455469 2.19984303294257 0.922345881619582 0.736014979000778 1.20878054535449 1.26409142575693 0.783970430244304
"3" 0.787174292293956 1.38543805874839 1.96430437979193 1.16991704922559 0.872880814763053 2.12464528787435 3.6991035287212 1.39238493962501 0.862044905818815 1.97118134767346 3.04455237097992 1.30241527039849 0.765632429461234 1.28042719665992 1.61564587094242 1.04714802745679
"4" 0.478451608326238 0.817203506047041 1.16991704922559 0.772168350438394 0.528142549884709 1.23324047282604 2.10889241866669 0.916640904750092 0.522155340161015 1.14619100090389 1.85567829138163 0.86728747771374 0.466745556216352 0.762724205026189 0.999911363271855 0.684735676323154
"5" 0.531674891569376 0.872366100254022 0.872880814763053 0.528142549884709 0.622558251061373 1.58587641059862 1.481952039798 0.605318828939162 0.612894908024043 1.42746305720756 1.38555052625744 0.598833260864834 0.516428675105422 0.815116225257986 0.813564615688043 0.513225888047512
"6" 1.35096295570436 2.30702080755787 2.12464528787435 1.23324047282604 1.58587641059862 4.45948018103706 3.5000185924269 1.39381869588799 1.56103169083202 3.97120494061998 3.25583340599095 1.37755715801185 1.31084689780839 2.12121906803513 1.97826613404602 1.19829977785732
"7" 1.35681103804624 2.42662073433339 3.6991035287212 2.10889241866669 1.481952039798 3.5000185924269 7.65933634584053 2.52769476273429 1.46438100747276 3.27896369528421 5.90786275106611 2.38595172192119 1.31935955705013 2.22727486688019 3.01074796799462 1.92828598726962
"8" 0.550450048743584 0.939683449588467 1.39238493962501 0.916640904750092 0.605318828939162 1.39381869588799 2.52769476273429 1.13059010720631 0.599225851813734 1.30589946739622 2.2892557547348 1.08071443305627 0.53867353277155 0.884176648601914 1.22832663563773 0.850282375255324
"9" 0.523803284483029 0.859993539676834 0.862044905818815 0.522155340161015 0.612894908024043 1.56103169083202 1.46438100747276 0.599225851813734 0.603532763328668 1.40606494775768 1.37928206670772 0.594184461094214 0.509043211803835 0.804542898344628 0.807436225214151 0.509202699474521
"10" 1.21959636637713 2.0861655455469 1.97118134767346 1.14619100090389 1.42746305720756 3.97120494061998 3.27896369528421 1.30589946739622 1.40606494775768 3.55963555886445 3.12526304786894 1.29825988325343 1.1853306227195 1.9269562330851 1.86238584218748 1.12557414435236
"11" 1.25795337303273 2.19984303294257 3.04455237097992 1.85567829138163 1.38555052625744 3.25583340599095 5.90786275106611 2.2892557547348 1.37928206670772 3.12526304786894 6.55595579875901 2.33036578093381 1.2492416617914 2.14604423746405 3.1383539884329 1.9249826407484
"12" 0.543180416430419 0.922345881619582 1.30241527039849 0.86728747771374 0.598833260864834 1.37755715801185 2.38595172192119 1.08071443305627 0.594184461094214 1.29825988325343 2.33036578093381 1.10333598365759 0.535202439188741 0.882732687357565 1.26484778966161 0.881070811706858
"13" 0.445848042550837 0.736014979000778 0.765632429461234 0.466745556216352 0.516428675105422 1.31084689780839 1.31935955705013 0.53867353277155 0.509043211803835 1.1853306227195 1.2492416617914 0.535202439188741 0.434040307335809 0.690532227657548 0.719262506611141 0.456327515356914
"14" 0.707671709793336 1.20878054535449 1.28042719665992 0.762724205026189 0.815116225257986 2.12121906803513 2.22727486688019 0.884176648601914 0.804542898344628 1.9269562330851 2.14604423746405 0.882732687357565 0.690532227657548 1.13874544712863 1.2163796154479 0.75153949583612
"15" 0.728848709015568 1.26409142575693 1.61564587094242 0.999911363271855 0.813564615688043 1.97826613404602 3.01074796799462 1.22832663563773 0.807436225214151 1.86238584218748 3.1383539884329 1.26484778966161 0.719262506611141 1.2163796154479 1.65804896308693 1.04972378035875
"16" 0.462911506470679 0.783970430244304 1.04714802745679 0.684735676323154 0.513225888047512 1.19829977785732 1.92828598726962 0.850282375255324 0.509202699474521 1.12557414435236 1.9249826407484 0.881070811706858 0.456327515356914 0.75153949583612 1.04972378035875 0.720838960382382
